1000
157
877
575
199
688
455
495
313
565
368
345
729
659
67
440
842
538
525
674
298
916
492
706
395
43
902
674
13
575
111
627
728
273
365
483
792
418
454
449
657
417
985
543
10
13
58
373
46
599
126
990
709
498
886
489
737
834
993
127
532
463
434
147
271
708
409
875
966
472
733
946
655
105
791
935
601
311
914
469
720
148
966
544
751
718
307
249
31
199
867
190
835
481
528
113
774
929
389
67
900
599
897
461
390
879
334
979
897
95
495
398
502
245
967
132
107
509
703
293
720
668
783
909
199
540
382
97
626
780
397
664
272
170
205
591
322
40
201
873
784
329
366
234
361
502
654
958
423
746
108
402
865
550
970
190
370
193
399
750
447
272
636
604
933
582
933
692
928
328
245
20
785
392
2
509
687
395
935
762
630
865
616
748
5
593
536
175
513
551
719
429
519
867
792
357
879
126
422
304
300
843
566
984
184
248
847
564
228
848
214
60
124
511
662
102
769
385
461
755
89
855
706
130
425
175
187
78
498
231
987
774
217
613
335
689
953
62
521
67
219
745
278
913
965
519
795
973
289
130
173
86
212
79
149
592
991
505
193
787
346
283
184
186
716
98
158
747
591
469
229
78
265
434
349
915
613
582
170
85
952
400
443
365
319
194
347
420
925
237
968
640
555
713
401
490
424
582
845
498
704
241
798
464
937
790
829
608
464
63
823
249
666
150
36
354
999
285
896
833
288
575
266
754
49
354
915
464
618
796
449
715
503
535
977
494
648
867
346
347
570
566
726
414
108
346
860
955
198
267
544
564
828
835
629
923
648
541
105
705
765
954
286
17
216
547
288
611
889
283
666
872
976
936
915
47
186
215
39
395
658
873
984
497
804
869
955
449
853
547
895
40
662
490
807
711
719
975
809
573
929
20
367
764
420
248
107
978
487
816
560
350
533
410
587
804
900
913
968
319
218
338
1
258
0
218
297
532
720
842
263
453
747
896
158
945
771
363
273
696
183
170
124
40
373
378
670
768
697
979
722
369
4
557
348
27
416
4
753
369
631
997
855
794
908
860
67
949
769
508
170
360
975
362
103
253
45
510
883
458
47
558
227
763
119
465
459
366
841
805
8
331
769
566
252
150
783
148
98
651
498
735
472
884
603
722
589
401
16
721
656
437
305
688
944
81
871
177
850
72
520
817
349
855
704
505
658
118
305
420
766
526
171
633
105
457
230
343
185
449
644
79
408
974
764
267
637
24
649
850
990
933
977
924
179
599
649
144
149
893
886
656
213
141
342
261
233
963
805
149
609
816
995
205
704
233
347
981
734
907
775
759
594
304
111
898
821
937
288
969
689
952
49
972
897
633
680
64
906
117
291
928
439
322
147
703
586
130
451
640
350
181
998
140
154
478
542
263
680
224
825
672
3
323
526
827
943
903
334
989
98
163
173
347
792
235
15
600
556
4
751
961
394
156
435
702
971
299
915
967
767
424
465
976
590
682
586
59
642
444
682
473
260
691
590
524
679
527
195
228
970
956
100
228
702
684
104
416
711
386
26
182
760
813
826
205
895
928
305
638
960
514
450
926
621
135
635
22
642
234
451
423
486
517
741
685
70
343
91
335
716
144
798
799
717
220
497
916
561
402
238
146
619
319
144
91
839
740
335
196
771
97
618
798
590
764
727
56
966
594
110
814
406
193
972
408
516
975
451
976
840
819
574
209
120
174
153
889
216
277
799
308
415
990
286
685
749
229
838
608
489
242
423
633
559
824
919
315
758
180
498
654
608
88
36
176
226
323
450
263
555
519
751
568
106
175
650
223
816
899
997
939
252
290
616
61
645
418
596
997
106
622
947
801
901
717
324
291
623
395
206
742
229
398
410
493
223
463
258
400
545
611
416
244
971
926
439
629
595
867
974
410
619
289
243
454
580
45
956
102
265
376
536
892
489
750
580
471
644
594
762
717
526
289
68
126
274
10
502
278
110
382
426
854
868
961
340
175
216
901
581
429
677
248
678
420
203
690
490
650
363
845
670
209
355
280
533
726
108
706
275
491
760
608
419
165
474
451
828
763
942
601
118
916
759
6
954
931
615
334
856
322
161
954
994
856
442
669
990
849
830
898
649
984
791
44
334
515
353
977
781
99
985
668
409
327
835
286
50
108
234
504
681
347
186
159
362
719
17
908
363
353
540
639
907
274
383
199
126
612
148
785
309
669
165
139
66
297
452
28
721
892
503
10
522
649
225
559
26
497
883
312
537
491
746
27
751
428
298
165
760
