10000
6893
7290
2526
5783
6768
2323
6921
2369
2739
2458
1568
3472
1548
3642
5165
8316
9470
8370
5047
4391
5583
8126
3089
8942
4948
8833
6781
1451
1721
7505
6350
2163
4557
7119
7531
1427
889
1458
6831
5378
5585
2399
7501
6754
3427
7399
3840
5721
6941
5709
4929
6903
9147
9826
2306
5091
7854
1967
8919
8038
6936
4782
7364
8675
131
3174
7937
2
6177
9793
3851
3880
8942
8283
612
6277
4690
4649
1946
5225
643
8980
8805
9075
1176
5617
8442
5880
9768
7134
9773
813
8912
4459
2323
5905
7443
7122
2453
1513
5964
3284
1489
4073
4895
4210
5738
4396
8285
2053
7487
4049
2678
6506
6185
8610
873
9917
862
1201
199
737
8451
4082
2102
7002
191
8559
9745
7991
3770
4972
1613
3615
2292
5560
7574
8855
8194
3180
2983
6893
2003
7011
6649
4596
8992
7654
6947
9436
3922
8003
1343
8381
5630
1065
9437
4256
6107
8803
2641
3674
7093
7214
7688
6390
9449
1449
4808
7534
8368
8680
9877
742
8121
6101
7679
4549
3855
7828
6905
1216
3930
7265
9893
5669
1521
3080
8858
9841
8381
1408
4760
9774
696
469
2722
2797
7268
5968
954
1595
7449
2310
7914
6579
8614
8490
7310
6977
41
6927
32
9534
9417
5070
1067
9005
8464
4033
5201
4608
9783
6506
6104
1272
9401
4530
1615
2535
8585
6018
286
8036
7872
4791
4891
9050
8094
4006
4409
3501
274
8188
8443
3210
9380
160
3991
1994
8336
5704
3861
1811
8493
1765
4966
6939
1019
9580
8098
3738
1996
4017
8057
4426
9497
50
2075
750
7029
1997
6372
1292
3678
2175
879
6232
4015
9226
5643
6431
115
7395
2651
1789
3477
277
9942
347
3827
8885
2607
9816
6960
2803
96
6899
376
6137
6863
6370
8270
5763
2691
9459
2418
1228
6463
3516
8830
577
8988
6192
7679
4595
3670
9073
3153
3407
6733
797
659
4978
91
8583
8730
8171
3845
1682
7026
2449
139
2748
5214
973
5161
4629
6816
5590
3904
7146
7477
4599
8607
8290
7752
2847
2298
2789
134
2869
8285
6244
3217
3958
5114
2889
1966
4413
9710
8620
106
1277
4369
4062
1401
3406
5052
2150
655
3041
6069
5862
7271
9890
9686
5193
9024
7097
4445
6635
9512
4253
668
869
6513
438
6895
1779
7008
3853
4781
8372
9604
2946
8040
2126
2691
2570
5151
4475
1168
9267
5539
8804
6953
1589
2759
6072
1437
3414
1040
8520
7547
2474
6748
6275
3525
614
4351
4921
4835
8431
4168
7006
9204
1636
4722
8990
3712
4645
5814
5287
1113
2670
9998
1559
2543
2675
3428
9187
8386
7146
5129
7073
3090
5840
7490
1106
7427
6105
7421
7551
7261
7176
3633
1567
7199
9254
5651
1939
4867
5763
9797
4463
7421
870
2249
7285
3805
3827
9859
2510
9092
8024
6332
2392
4003
9475
6467
1463
2942
8500
5694
3289
2416
5722
94
4795
4952
3773
9520
8097
4689
9208
960
5942
9904
4225
2904
5664
2198
822
7015
7118
7669
2533
2493
5442
9824
1816
6577
677
2571
9259
613
5579
753
7003
1410
4
3668
1021
2381
4124
9102
8488
811
5616
2214
5745
1217
5181
3215
6865
5827
1655
1291
9701
334
8034
7677
3169
1746
5425
1132
8561
3095
7945
6339
590
1328
529
5061
1754
4637
3768
3198
6904
1754
1186
6372
9802
4933
5808
1148
6921
9245
4972
2346
4027
1670
9694
8080
2884
2713
7422
9639
4923
3911
7463
4204
7671
7502
7427
6689
423
3557
1320
5460
2171
8993
9327
6845
1698
7482
9598
6353
2496
8616
3489
6164
4668
6727
1465
4923
3044
5913
6992
4783
6461
6650
6104
8382
8202
9935
944
8475
5704
6648
6578
1798
3893
7380
7532
9142
2491
6884
6409
7650
2092
9656
7675
9919
4459
5733
5655
2532
8069
1048
9516
4105
4810
6276
6113
4254
6524
8983
4827
4840
4355
1371
6777
5542
6090
5976
8668
8769
3753
102
3637
1810
208
3344
413
9790
3309
1269
5227
8780
6379
8088
1862
7720
1511
4728
679
4160
7391
8249
9673
9787
6010
1121
9776
1033
6222
5791
9395
8484
2994
1013
8504
6422
256
2758
4619
4838
6966
3466
5610
5290
538
5679
5344
1136
2584
2122
4044
5671
3049
2571
5613
296
4961
4031
5293
4930
3733
8766
7654
8483
6296
164
7989
5122
7793
3885
8154
2793
154
7737
6025
3681
2295
9920
1504
1925
976
4175
7733
7608
7197
2656
5916
8211
8286
7096
4674
9223
1572
2761
2121
2304
6223
7208
2144
922
3189
8729
9741
6077
9548
1702
5114
660
9748
4543
6986
7484
852
3339
6342
6824
2703
1164
1561
433
9187
8529
4948
9386
2638
7781
5326
2849
5053
6068
8828
4609
978
5230
4073
6213
6657
1124
2450
5656
1175
6880
5825
1240
5288
5217
3907
2856
7027
4627
504
7476
1156
9085
8839
5872
967
6324
507
9513
8803
6429
9807
3821
1211
288
5217
6582
3244
1272
9749
4449
7331
3462
3673
3469
143
3285
1728
4175
2462
3977
622
1411
6535
5265
8927
5468
4323
3211
6836
7452
3768
9718
3931
5552
6803
6899
2729
8163
9362
8229
4439
5347
2300
4119
9303
8800
654
3485
289
528
1250
8210
9102
2975
349
3376
3312
7748
8694
4943
9068
5951
9374
2356
5205
6511
6417
9803
7958
2672
2167
3872
6460
4193
2822
1110
5342
2099
7720
7930
6410
2286
5525
8546
8349
7134
6797
5343
9070
8554
1492
9474
4759
4453
2602
5387
3345
4205
2374
4428
8588
5985
1806
3500
1064
1792
3334
9591
7234
9852
7858
3091
5310
6846
3066
6541
1854
5235
7353
9970
1676
2355
2194
6474
1434
4994
3328
3950
3939
464
6951
698
6893
8955
5388
9837
9438
6644
1374
286
6024
6527
6496
9785
7907
8372
6933
9991
8469
8178
3286
8780
3168
691
7906
5161
7544
6763
2035
5969
5439
9210
4521
3657
2591
6625
9909
8745
6276
3617
4244
4431
5588
1838
9398
3187
5851
3651
4570
1972
2999
7136
8984
6241
1805
2190
3802
4516
7974
7186
3992
7977
4121
3152
3950
1789
1286
8615
2317
482
2332
3466
2251
6462
6520
5583
7559
4514
3436
9536
3613
248
5191
7167
8738
6454
342
439
1053
9312
2519
7725
3090
7322
9397
1078
1324
3098
2101
1425
2999
1740
8524
8293
503
1551
4475
6325
7400
5565
9256
3792
4211
9000
5050
9206
8809
5167
400
8147
2463
7440
8783
9024
4726
7047
3447
7583
5750
6053
784
6500
4647
7692
9606
9604
6476
2774
6910
6581
6316
3990
4612
100
62
5510
1955
470
9424
959
8272
7142
6548
6839
1699
3469
3064
7157
7682
4480
6305
8288
9292
2915
7379
4933
3855
7852
7886
9607
9831
9154
7993
5873
2612
3907
2324
807
2934
4069
5709
4459
1160
1140
945
3723
8534
3466
9100
3959
7052
5453
3951
3952
28
5827
7213
6204
4219
4448
9042
6742
6457
912
9552
7427
1308
2416
4808
4575
9208
9862
1121
374
5933
4353
6280
3918
6620
762
1221
9442
5767
7802
2709
8681
2917
5078
4585
5061
878
9974
203
1656
2361
8659
5640
2911
2944
5294
6766
1187
4588
9917
2659
7557
8307
6384
1135
1046
3178
3250
5752
617
8168
8507
392
9568
6058
2146
2573
3266
6220
4736
2844
5199
7946
5968
1635
8970
5476
9666
1434
8117
1335
638
3157
9179
8062
5926
1929
6054
4084
3893
1752
5121
6420
6307
8587
5591
7583
3722
5963
5434
281
9171
3211
7296
97
1290
8390
8024
8315
6624
8513
202
2332
7726
3468
3645
4817
9543
378
7106
5677
7815
4042
4205
3341
9048
2210
1155
153
7283
6519
9087
5897
1187
3660
4719
5761
677
1508
7948
2235
8507
2405
1559
8960
4160
7147
8318
9714
4919
6694
829
105
5292
2242
98
7608
2572
8305
6441
6523
6816
3559
1030
7967
6051
3233
4913
110
2597
6738
9050
2550
1225
6284
6174
4341
5609
7848
3171
7780
5545
2242
1341
876
3849
7091
2515
1257
2995
2524
8155
8826
9717
5309
1026
1489
6873
3199
6488
285
191
4372
7336
2818
7340
25
5221
1346
1435
5572
6175
1610
2450
4288
3205
4779
7888
7506
2373
3204
7827
4984
5343
7977
1142
9229
9895
49
9383
2891
233
8305
6438
5293
6007
5457
7977
1264
3982
6088
4204
2806
3335
3850
7494
1030
3113
3066
4040
5603
6411
4252
3166
967
1815
316
343
3932
5867
2277
3794
6728
6793
4975
5950
1442
429
184
772
6677
9967
7821
7488
8688
8574
3814
8297
2487
2797
764
2018
6234
7258
3527
9753
1951
121
3560
9053
2894
7231
6863
4477
8842
9450
9306
1436
2519
6862
2075
9472
9084
9818
9045
4745
6711
9081
1027
7311
3431
4309
8085
6740
8138
7926
7208
6040
9715
5783
8224
6443
8823
2186
4
4958
3477
5474
7174
5843
1568
5597
3790
6882
314
2821
115
2173
2222
8876
197
4411
3946
9237
5369
3249
8535
930
8818
111
647
9303
1881
6950
8874
7805
6136
7079
5693
6899
9960
2007
9632
5039
7429
5678
2593
2258
4891
6143
7098
6762
400
1874
1204
2049
4590
5597
1351
8194
874
385
8671
5852
7126
6561
6060
799
5551
8189
1494
8243
660
2444
107
2071
9732
9992
9223
6199
9250
7315
1519
744
8408
40
7930
2093
5461
6652
4284
9227
9845
3412
256
4489
7787
5616
8673
8209
3421
8980
7317
9060
4572
6647
407
3370
5839
6628
3903
9655
7803
9470
2912
5065
5281
5489
3838
4061
692
1043
5738
5489
4357
442
3324
5076
8029
3591
7788
6250
8534
31
6236
5196
3686
4059
9670
4764
8281
2453
6637
5350
7947
2995
8354
8177
8047
8832
9302
3589
1374
9973
8023
3031
9423
9207
4729
1056
1455
5114
2786
1916
8846
4676
7185
413
2118
780
1900
720
4664
608
7221
3975
485
1462
6841
9685
2885
5147
9285
4969
5160
8103
3109
3218
7559
6369
5274
2641
8518
542
7654
1787
392
1381
887
2125
655
2078
8927
6346
8558
7353
6380
4000
7453
4620
9608
7401
4217
4020
5727
5757
5397
7019
9128
9829
7681
6106
9651
5050
9461
9654
8013
3484
9370
8807
7859
207
3301
4982
6896
3167
977
2324
8948
964
6520
2583
3028
1488
8941
2111
6680
790
6825
6999
9558
2485
2785
9256
1096
6209
976
855
4459
5379
7574
2270
6775
1798
8333
7495
9766
6594
6947
9429
9299
9031
4473
1981
3201
8719
1175
9106
3893
6742
8457
8191
3009
9973
8106
476
1085
5721
9340
659
4740
1667
8305
45
9496
1896
1354
8838
4691
9753
3481
2911
7868
3917
9044
2354
4882
4761
8489
8879
8904
3394
4904
1845
301
4618
4418
5149
3751
2614
2668
1520
4955
3808
1040
265
8219
8040
8400
5493
1580
8181
887
3239
1683
7946
4414
1800
1292
9283
1352
2172
5831
2606
9483
1919
7679
6423
9100
9582
2504
4236
597
754
6069
3679
1157
358
227
6330
1860
2746
6309
4540
8177
6273
3420
6609
9515
1941
19
2737
4072
1771
3477
4127
2933
9424
3531
5553
5051
130
5974
6623
6730
6987
5669
9572
2085
3432
1124
7890
89
7433
3761
6898
1819
2257
8924
1720
6493
3068
7098
1365
6237
4736
4262
3575
4859
8908
437
9179
1028
2926
8980
6147
2976
3121
3280
4722
4260
5315
1074
9363
8084
2660
7925
8778
8585
9978
421
7954
5499
4962
6246
3078
2955
657
6942
1851
6320
9704
9776
1130
2524
5222
8102
1564
425
3159
7402
1390
2854
3258
3297
6563
3608
913
5589
8329
1743
5217
7517
451
1510
4249
7211
6006
5462
5184
6145
6720
2312
9047
8961
1442
5013
9101
7824
1118
8348
9201
3142
3947
8798
4226
7205
1333
8970
8307
2500
2898
8640
1658
2807
399
4788
6487
2924
7929
8898
9602
6644
9336
9048
7389
7580
7766
5044
2345
6807
861
7962
8660
9002
1038
9394
5791
7571
2381
7309
8990
1367
7194
3394
9737
7975
8971
1481
4912
7534
1220
1266
267
9849
4969
3955
9231
5220
6682
4509
1660
4605
2621
9866
6227
1543
4986
1269
3093
1038
5679
9941
6103
4081
7796
151
6194
5585
3705
7847
134
7828
4875
9436
7599
6934
5829
6701
3311
3742
515
996
235
8520
9538
4221
5122
2740
2980
9402
3688
2186
5311
6583
9361
4839
2197
8629
1432
7577
6078
181
7455
5540
3953
4818
9537
3230
2562
1179
8451
2989
5813
5916
490
1019
4896
2969
2150
5331
9151
9318
3995
5307
8353
6374
8256
4909
9600
8462
2176
1348
9630
6452
1598
3039
6106
1241
3734
3717
1618
3105
5919
6358
2867
9531
8444
4458
1228
3857
274
8024
9376
8990
1875
9253
9257
2854
2696
8983
7194
6775
8414
3348
2925
3658
9752
8972
8220
8982
7730
3568
6699
3985
5685
9933
6897
9284
3158
6377
5416
3658
2298
9657
1434
5796
4324
1644
9211
684
7502
5192
7238
1732
7270
399
9424
8779
6751
4573
5672
5579
8809
5185
6080
9762
4619
4998
8389
8554
3325
7628
4201
8743
8290
4136
5186
365
4130
8853
540
1596
4469
4821
6921
8489
4939
280
6777
6250
8569
9927
7940
925
5487
1118
2116
1349
9508
2356
8736
3443
7170
952
963
5789
8831
9753
4588
4653
9760
4530
9598
3161
8978
1089
2679
3834
963
5443
2093
6347
5114
9150
6004
6432
9623
9945
6765
4320
6613
972
3289
6193
2092
2512
4795
1599
2819
226
1355
5016
1507
5673
8358
1255
6999
2225
7283
5930
5968
1540
3920
5619
5924
8085
8795
2120
3686
8040
2798
9671
9569
7345
6049
7593
7725
4695
6387
9409
6517
2805
595
6818
863
5341
3672
6282
1242
9961
2209
47
7286
3536
4663
9045
6125
8353
2398
489
8768
1470
2922
7244
9356
1224
2591
607
4155
1059
3376
1608
8214
4470
4441
2271
9800
338
2392
6743
9454
3260
2902
4796
747
5817
6196
4245
7976
9317
3696
1958
3160
5664
1895
3078
5322
7461
8404
151
7208
9703
9799
6231
3068
6139
1169
9682
9634
1773
9707
7378
5512
9232
9318
7188
8449
8005
4973
2952
1738
1814
6774
741
7092
9808
6408
2102
6512
4075
9927
4229
5240
9736
9594
6227
858
8598
1630
9713
6144
6112
1443
7485
778
214
5588
5373
9198
2055
4788
8993
373
4392
4708
7688
854
6179
4449
5586
272
5647
7354
9325
8417
4408
5039
1551
6740
7275
1860
1150
1575
5473
3237
7471
2970
4405
7797
1129
9379
4115
5519
5429
9919
8606
3165
53
8963
8798
2438
1358
7649
8453
1073
7155
5957
9101
2056
1327
9391
5216
2185
9102
5595
3810
2854
9081
1516
2655
9116
3693
5559
9565
4928
8071
1803
7645
6693
9854
3247
1604
891
2284
6996
8096
2593
2026
1289
9626
2219
6136
4846
2999
734
9190
4080
7881
1944
9409
6770
2456
1981
6045
8589
4569
4557
172
14
5897
6817
3880
5614
5017
9620
2131
607
6997
7326
7800
2337
5378
8922
3069
565
4164
4282
7672
8617
1273
4737
5883
4914
4454
462
765
4712
5404
8808
2422
2923
3734
2821
4055
5155
6481
7941
2372
1445
6392
6331
9919
6193
9163
9307
3619
7768
7580
7134
6761
3019
2391
627
5834
8463
7083
7905
9169
2781
9704
8935
1420
8070
4871
3396
255
2227
6816
9826
4629
7482
4413
3564
9877
8924
6457
7649
7981
476
8019
4641
7629
426
8213
2756
7186
8814
1852
3706
5549
352
1843
1165
2623
8083
3664
1922
4564
2274
1371
8527
5818
2498
1383
1270
8268
5176
6750
9087
5023
3764
4621
2996
2248
250
1065
1558
7239
2641
3100
1838
2805
1301
3056
7021
9894
3079
2151
9908
5146
9460
3332
7216
1622
706
8618
749
2169
6551
688
8347
3950
6708
269
7182
222
2063
8453
9583
9871
5742
416
1200
2364
1375
8275
1309
4930
6085
4318
4878
5205
1804
6433
2617
1869
3501
7020
4100
4752
2494
1169
7976
9869
4801
9800
3441
3506
7436
3215
8578
6363
3432
7980
1381
9960
6211
1488
656
5177
3185
5658
6547
5208
591
2517
3710
8692
6264
1055
9456
7333
1840
2007
8873
1185
5038
6289
3537
714
7910
4842
1618
8177
7572
1283
9296
2043
8229
2268
9594
7166
4671
9822
5560
3849
465
6740
9907
7534
1877
7943
9892
2844
8626
6901
1156
2525
8719
3598
7203
3768
9025
6650
1029
9828
965
7130
8534
4539
3161
825
3550
5366
5636
2447
8624
8618
9334
211
9708
7295
7946
1417
9604
6201
2217
6911
8252
5973
9752
5104
4475
3330
4129
3188
6750
4521
8383
1828
5931
4810
9234
1533
1266
7540
7571
1137
7280
5121
3298
1332
5181
3324
5195
5145
3638
3392
8039
1898
3221
3246
5006
4110
4460
5626
5193
3482
3328
6243
1446
2791
4498
2445
6806
5915
473
1149
224
5447
9291
8704
5160
6348
2331
488
9690
9787
8524
8404
4528
6808
8179
9819
8532
426
7642
8053
6111
7234
7361
8390
2703
8197
7231
5016
3351
5863
8407
3300
5408
2902
1910
6716
5261
4000
6472
7208
8013
7138
8362
7931
554
3695
2426
945
542
6057
3674
647
2053
4142
8020
5079
45
2898
6327
3599
5386
5381
3824
9165
7414
4065
1412
249
2117
1267
8905
1455
4359
9539
8981
1207
1879
7761
5438
4083
9184
3294
5408
7397
4144
4420
2621
8986
7492
7795
9630
5030
1970
9978
1960
4893
4566
2958
3562
2987
100
5929
4947
9474
9772
1090
3072
3038
8108
900
4915
8758
9087
14
303
4240
67
8664
8928
8353
9145
1804
2615
1217
7973
7160
9235
8855
7253
4511
7643
7654
9502
5622
4200
4707
609
354
4352
6546
3133
1963
8877
8236
8110
6701
3484
8671
8228
5388
5200
4994
4910
4593
5591
8964
7973
5525
8197
9280
5333
5608
7772
7678
2822
5599
1245
1209
9001
3112
9864
9112
5246
4651
5392
2284
3442
9599
1818
8853
6085
4277
6979
513
8457
8261
6561
5650
9927
484
9378
1163
2028
5871
481
9415
9793
9334
2215
4550
8088
4839
1309
7092
1570
7414
5536
5383
1565
6535
9646
694
4619
8856
2556
9057
2478
6141
6602
9329
4879
8457
2574
1324
3534
6613
5117
5684
387
3249
8136
2750
195
8517
995
8314
4990
162
2225
8740
5685
1577
4587
6197
8986
5815
7887
3702
9695
2429
773
4547
1968
4184
1389
2744
3357
3201
8628
2699
2095
1571
2406
6341
1532
7827
9517
1470
9862
1217
4855
5988
4189
1547
1478
6120
4229
1064
4656
3013
4962
9752
8023
6237
5840
4613
8963
1634
9551
6389
5867
8430
9659
2607
6787
9520
3497
3800
6048
8820
7518
7305
2646
8909
6698
5823
1666
4033
1777
1486
9795
4881
3914
7571
5683
8516
7457
9557
8852
5551
1255
6246
3462
5059
953
7868
7893
5842
494
9414
7903
2143
6905
5677
1090
5218
7503
7066
564
3621
9234
718
2493
3247
5420
2289
2958
2234
1912
9866
3445
9778
9082
7768
6376
6636
1678
2587
9487
4064
4349
4258
8942
9173
3261
4802
7920
9880
112
5359
6911
217
5420
2394
2784
5746
4363
2535
1708
4052
9640
4138
1992
1919
4810
7182
870
3534
7966
49
9860
7709
9852
2431
5362
6105
3676
6122
5826
4850
6609
435
8408
5567
9651
2951
3041
9646
9851
873
9872
5078
2871
1176
6306
7595
9389
77
7315
7517
9676
1779
3146
3710
4046
5091
2335
8830
699
7210
1181
5173
9879
7322
4595
8604
7210
1898
1044
5192
240
8795
9486
84
4407
2744
3240
1513
5782
1976
4948
9133
9726
7060
9348
5846
3128
5423
6024
4585
6477
6935
6678
6084
1461
1959
4211
2148
7175
2454
4189
8995
4527
4496
7339
8993
2717
3966
364
7886
9178
6964
5532
194
582
8328
197
5369
1213
2602
9282
7982
8584
8244
6319
243
3343
9295
8988
6682
1020
4255
1504
5652
427
3932
1978
9075
8413
9423
9251
1757
9340
9957
8960
3168
3017
6707
6307
1836
9409
3830
6368
4626
3678
3093
5277
5031
3497
3110
4499
8996
877
8313
7874
2238
4360
9253
8897
6573
4203
5949
1138
1307
6672
415
7763
5658
1210
8953
8513
8546
6888
9832
8519
8167
7316
4046
6693
787
6168
8447
8508
4245
8448
5800
3237
1029
1770
3213
1121
9042
10
318
9243
4843
2186
5237
3562
4502
9167
9134
387
3472
1191
7491
5019
3314
3486
723
5097
1948
3327
8351
8138
4896
9223
7201
5886
5102
8406
9081
2448
9016
3327
5381
1588
7825
4015
6748
7016
4950
6186
4295
2237
5737
8768
524
5119
2022
287
6569
2191
1829
5346
633
4418
6491
8999
8118
1554
2972
4639
300
802
2833
7438
7446
4239
7281
6882
9863
9586
416
6480
4982
1810
5009
1242
6359
1687
9417
7100
466
5721
7602
9190
8819
3191
408
1236
5453
2131
8948
4521
1867
7754
5394
4875
3061
2226
849
3527
4347
812
6358
7717
2465
1768
1725
822
6583
6776
8430
6138
5028
6125
2440
7710
7711
5853
1692
3058
8345
183
2521
7625
1594
6285
7375
3337
6086
8175
5906
2739
716
1737
2029
1004
2571
8578
1168
1450
3473
6085
2152
2778
1618
8029
7978
8222
5025
2938
6460
9397
6782
3904
9695
2226
5660
6718
3772
6846
6062
1324
5098
1224
8653
333
5417
5339
3512
884
1215
1113
2921
6291
5037
163
2864
7759
6653
7594
1166
3055
6250
1184
5920
8003
2667
5736
1478
770
317
7468
4031
7083
4780
6556
3539
4957
6990
2548
6813
5522
2861
567
5202
9510
2751
2696
1906
5702
6116
4039
6954
9971
203
8984
7124
6789
6720
4591
2956
9180
4998
4168
1551
498
5261
7603
7250
493
6640
4812
3852
9488
1839
8776
6737
4145
9812
2860
1965
1029
1763
8936
4905
5160
2290
1617
9308
2233
67
7868
8481
289
5563
7637
801
260
5728
1567
2605
4544
9427
919
7403
1442
1127
9345
2394
1113
6942
596
3459
4930
3103
7121
3998
4850
2725
1038
526
594
5495
226
1434
2196
6591
9545
2345
9444
1098
5686
5737
9018
6283
8744
5260
796
9964
5429
544
1041
5266
4100
5098
7952
8363
6519
3406
1606
6311
5045
3629
1446
9424
1413
5995
6682
5384
9654
4123
7624
9774
6476
2922
7985
5404
3764
501
1875
9279
2937
9736
4957
7396
7775
9813
5042
924
3277
524
5799
6732
7992
4877
7831
4659
5098
8311
1303
7416
1697
4316
6995
2512
931
9107
5638
8601
959
3017
2137
3638
7615
1510
8659
6424
3499
1016
110
7765
9079
9038
4458
7783
2988
6498
7883
4195
8723
5667
7838
8725
77
1918
7177
8549
5281
7129
7711
3752
989
2269
7107
1365
5965
1437
7988
8033
2554
999
39
3386
1257
6693
6355
5133
8452
9616
3237
3189
7286
7363
5267
6097
3440
2007
6734
5536
7449
3216
288
9499
5298
4835
5845
1167
9095
9826
3079
5109
1825
5062
8353
2912
488
280
1637
7731
4390
2892
9593
9276
5431
3594
8971
3249
8940
602
9717
3093
6255
7771
6653
6055
1713
3313
2179
6136
3103
6057
8093
7351
6195
5082
6448
7146
4935
3145
532
5147
196
4232
6906
2941
5224
8749
5530
8457
5398
6923
7172
169
2440
5151
4120
9200
863
7177
2834
469
2411
1765
61
554
5078
9749
8936
333
8330
2621
4709
2810
419
2810
9022
7995
7791
1888
9155
6413
9730
4302
4478
5200
2775
4128
1864
3899
1328
8641
2260
7337
558
3067
7545
5492
3388
6013
7629
9052
1798
7287
3244
468
3943
3205
3752
9402
5088
8806
9130
7761
4148
7672
5543
6301
7888
5585
1295
9482
8184
6956
9774
6648
300
6223
8533
6455
4890
7189
3155
6524
3262
2252
3004
5709
7348
6205
5228
6623
2829
1284
7125
5689
287
5931
3779
7092
8583
7255
5553
6081
411
2990
1637
8551
7530
9508
6406
9400
4452
7809
6158
4399
9654
5216
9050
7193
4525
9974
4814
5245
8156
749
3621
8440
8569
1021
9798
4313
9521
7446
8163
5462
7100
8732
8139
4122
3547
8655
4047
6108
6318
549
7074
9020
3058
1495
9577
1052
6823
3285
642
1432
208
6295
8816
7812
4612
3633
1428
3777
4097
4993
536
4044
3472
712
102
2611
1283
5667
7925
6181
1291
7062
6307
9748
4247
9828
1694
9705
6614
2764
4892
1013
29
5347
874
48
756
2923
5985
5536
1275
3613
2421
5607
1099
9176
6856
9656
8807
6741
2204
8584
2768
5606
5813
14
2856
7963
1740
3030
5166
8561
4160
5848
1496
5048
2166
4479
6527
4623
146
5369
8084
1534
1198
8202
4288
2111
4583
1917
2313
8969
4583
9256
6017
7051
9196
9355
9545
8210
7384
4645
6642
1319
274
2259
7108
8040
7465
2806
551
1393
7609
4672
4191
1063
8582
2506
8917
4209
469
9973
992
8851
7578
1099
4674
6728
6860
1953
1022
5467
4261
7724
7224
3922
3382
268
3861
1800
7415
8826
5073
6166
2603
8553
2960
5197
9010
1548
3772
562
1944
4132
1245
8774
8010
5316
9542
7489
1561
8867
1772
1579
3448
1453
8594
902
7248
4887
3039
7787
306
4205
8273
3008
2940
313
3643
5923
6245
9298
6106
6230
1730
4719
2917
5175
4507
662
835
7546
8888
8518
9462
3109
8068
5261
1141
9912
3172
1047
5623
4951
6433
244
7291
293
1616
7092
181
4286
8963
4161
1587
8786
6089
6217
285
8441
9696
4999
9323
6935
7323
1821
2464
3550
2494
7216
2340
3562
710
3168
3376
7773
1558
9203
131
312
8908
5421
1009
5666
6450
9565
1162
9432
5232
6839
3161
721
7710
2857
4323
4173
6887
2861
1183
3546
8922
5722
389
6978
5130
2135
959
5844
2149
6334
8140
4845
3954
2408
7363
8579
1379
7690
7733
4270
6106
8300
2891
4659
6248
9906
718
7886
1825
6921
6902
9196
6539
799
4778
3011
8148
1375
7494
670
9731
6760
7371
5544
6711
5194
6240
1524
5421
8284
2566
5207
5469
7372
6585
979
3139
2484
4706
7696
107
7701
5257
8377
1589
2307
6712
2225
1625
1293
6331
5904
6052
4951
8756
9070
464
8614
7259
3354
4753
6279
5042
1831
5324
3996
4342
5924
2866
2276
2913
8310
6986
3654
9117
4197
2045
8698
5523
9600
3723
5508
9665
7517
6427
926
6218
5409
2815
9376
536
6152
982
2607
6732
6578
5947
3055
6726
7675
426
5110
1312
6516
1715
5391
7972
2819
5751
823
1278
2484
4383
1800
5133
2794
2140
5280
4547
8247
9002
6685
347
3523
5741
5575
7994
7212
333
2586
5934
4507
4078
6654
3859
9503
4664
453
7556
6664
470
1808
8927
2433
5018
9454
6321
7515
4669
1074
6961
2035
9219
4656
6153
5039
701
981
6878
7194
8120
4832
32
9913
4611
7776
2685
3369
1263
9835
5969
1976
1999
3735
2152
9244
9406
4953
1475
9251
8959
8057
4329
3001
3680
3198
6581
9616
3832
4539
1629
2415
2687
4677
9139
5001
8093
6800
5316
7560
3626
8485
973
3526
533
402
7950
8872
5168
4894
7191
8727
8408
3879
8542
2269
2627
5146
7251
8825
258
3998
1851
4878
1382
1742
4536
5278
5007
3185
3434
9486
7119
4728
3806
3687
4156
8771
9972
9897
85
8192
2063
8363
6316
8465
8486
4803
4082
2681
1559
894
8560
3571
9483
2877
5281
3502
6213
5405
9357
3641
9620
1297
7440
823
4151
4174
586
6367
5296
2115
1567
5635
1681
6051
9038
8075
6643
464
4655
5662
2470
997
8822
748
6819
6096
9364
1258
6861
2922
5916
9530
7397
2500
3459
9063
7037
7569
1568
4794
4548
842
1236
3068
8160
2466
9139
6297
5338
3462
928
3581
6451
9520
599
8142
1493
9225
8579
4293
9828
7368
1088
6842
2899
956
571
635
6434
9617
6357
6360
869
8882
1574
9342
3601
3740
5774
8255
4687
5947
8359
5915
5715
9332
999
4189
4870
4029
8914
6883
1775
4604
9212
155
1728
7019
6283
23
8892
7797
7835
9533
7767
560
4043
9662
5638
9303
7780
7153
182
8098
762
2443
1528
4676
3499
1452
1993
6273
1525
7273
4560
9226
4244
3634
4609
647
6201
7712
1167
9711
550
4925
9326
9767
8453
7343
6661
5205
8585
7810
3746
5871
7436
7377
5144
2709
9575
2977
4932
280
112
8426
8317
8661
7822
4259
9178
9762
472
4777
5181
2212
4923
5388
253
1835
8266
4614
3361
7210
8288
5240
8072
8214
2497
1698
8726
9371
2014
2591
3097
7414
3239
8043
1050
9826
3643
322
6094
3474
6043
4839
8748
4136
7005
3117
4761
3200
1741
7237
6431
1004
8509
9141
780
8972
3756
2001
8487
8841
7397
2313
5197
6655
9774
479
1178
4757
7297
9331
5763
1962
1272
7901
5503
9630
8193
2630
7862
2058
8065
3715
6818
5933
6293
9103
7394
2035
2979
6611
9710
2740
1199
5605
9924
983
4810
4155
2960
8801
7812
4826
8427
8510
9042
5199
3307
3339
4827
7097
3736
5869
4876
1825
8606
5873
651
6536
1310
3889
153
9147
207
7504
2881
3941
9218
4098
1405
9106
3107
7787
1127
5435
3115
3619
7645
9586
7266
9826
7870
683
162
3629
3329
7174
8327
9037
3700
5429
819
1161
7250
6654
5790
6912
3726
1246
8506
6469
108
3672
6612
455
2463
2713
8199
6795
2061
4217
2170
1208
9774
4929
9082
7567
5635
5299
2786
8549
4436
4554
8534
1103
8834
4239
2288
3737
9131
4229
2097
2659
9707
3090
4601
8104
6960
6762
674
3132
7462
1241
7782
2673
2240
9501
2402
7030
7320
1326
2498
8317
7102
3771
699
6135
397
4274
519
6543
2699
5164
8379
3519
3055
1811
8821
4915
6636
6976
5297
1080
5004
6085
7067
7024
2104
6052
158
3430
5587
5882
8923
4264
311
7324
5126
4022
5175
4812
9578
8309
1267
6936
7468
9536
7770
5967
5308
4539
906
5041
680
9733
7139
930
6460
891
9065
3610
5812
5747
1592
6668
1906
9915
2642
9473
4554
2110
580
5392
2250
3856
6199
1469
6775
8215
2017
9435
5651
198
8940
6831
9707
9062
8735
1891
4477
5363
7896
7203
8486
609
5051
1959
4681
6394
6292
8749
9580
5445
4184
8291
7805
2739
8313
3118
7266
2633
5161
986
125
1862
5590
4671
9614
480
3252
4444
9666
63
1544
6130
458
7525
992
5856
4374
2312
8960
3862
3232
4350
7
2696
4086
7300
1920
8161
9391
1195
8900
1521
4782
5183
1869
9317
9220
5893
2022
9858
3248
8929
8718
61
2530
5041
7083
185
8301
7130
3787
5390
7130
5885
8949
4323
1689
5237
8702
1129
3363
2319
8824
4963
4187
9270
3573
4309
8530
8027
3993
808
3802
2270
7901
9239
3714
7467
2160
857
1296
2515
1176
6299
7278
8422
3302
4313
4619
3818
7191
761
993
3867
7255
1125
2438
799
2577
2627
9004
8292
8577
4354
8532
9465
3018
1699
7040
3590
5203
1682
5077
3656
6908
1199
7919
6445
7982
2621
9374
7544
5745
2935
9983
7618
5703
3178
9030
3326
7221
5715
9974
4038
5314
1397
8339
9815
2824
6
478
2054
5768
2776
512
3981
9306
3359
2322
2119
433
8932
5113
275
9085
1317
3423
8360
4010
6966
1228
6582
6310
4936
196
8884
4880
7012
2169
2284
4780
4997
4129
5343
1907
8191
2867
7942
4583
7760
2443
4374
900
3473
2237
8111
8609
1352
8102
1681
8166
9646
5757
28
6664
5272
3785
8786
3264
3748
716
5147
1577
9042
3341
4885
8728
828
6324
7334
4886
8244
6462
2880
1369
2648
2064
3903
7073
6564
8968
6498
6702
7333
7950
7331
766
5093
346
2133
5396
9448
1152
889
8628
6322
4438
6525
9979
6579
8630
146
9932
6256
8846
5064
2181
2814
3029
8056
4208
4541
2392
2509
4805
7488
195
1456
4189
1013
8539
9087
2897
5205
1207
7354
5969
857
5567
8058
4608
3990
5149
5645
4045
1783
5584
2482
4476
3207
3504
4605
6851
4295
4651
632
3377
434
558
2439
5944
8682
5727
6854
9515
7022
2535
9681
3011
1419
4621
5375
8364
2220
5758
7532
9612
4943
4648
9426
435
1861
7509
7108
5405
3302
150
8358
4037
2783
4357
4140
4964
6905
124
3373
2439
9367
579
3907
4878
4332
8628
2434
5777
854
1948
8739
4061
7195
7978
8989
2060
1374
3385
7230
2115
1454
6618
8091
2596
2828
4139
9778
3972
2294
9012
4920
1303
677
1968
9460
6183
1263
2104
2534
8004
4378
6907
6998
2309
1182
1402
421
2221
1302
7119
8562
1080
1859
1950
9467
1316
412
6132
8461
2317
4405
3116
6859
3073
3451
3953
7095
6514
2202
6877
2608
233
3100
7567
3000
4616
6686
7963
5024
8824
5120
1468
6642
3729
7736
8005
6539
6920
1604
3349
9555
1602
3306
9752
6410
8263
766
1242
9249
9458
9776
1686
2338
1301
8718
2333
6621
2617
2493
4594
8609
2194
4512
8786
8931
8865
627
3218
7053
3620
9735
7040
2502
3928
1273
5771
330
1279
209
2175
3126
2652
5108
1496
4530
5578
823
7128
4795
7117
2497
5843
3436
4640
1995
7767
872
6157
1990
6906
247
8380
9225
1980
7323
3747
2326
3883
4733
9259
1528
3236
9033
9475
4203
1175
8547
3421
856
2660
9204
7703
7708
7298
9557
516
3572
5775
7430
5273
3414
4001
2268
7540
5903
4682
8677
4342
2245
5930
1593
1393
8872
3854
3087
8124
7498
6999
9464
5779
1479
6
2109
6827
4387
7011
96
3892
1487
8732
7073
216
1160
5258
7280
7440
1052
4512
601
501
2905
2381
4545
7811
388
7648
5291
3274
1955
9819
3000
4526
7992
6337
7401
303
3498
4729
402
355
5249
2964
7452
5662
126
6011
2551
5588
69
3265
3051
1221
6024
4183
9737
8823
8897
319
1987
3234
6203
9705
5332
2500
8797
3689
8845
4020
8037
8313
3149
1956
45
5402
7436
384
5805
4038
293
2996
7549
4801
8174
7914
4052
9886
3157
6431
6146
462
6377
1575
2806
7651
6817
1959
2397
578
8141
2625
5464
2423
3543
2525
7896
9522
7877
8898
9433
6928
1471
4356
1576
2341
151
6039
6834
4308
9353
785
27
2305
2481
9662
7224
653
5188
5453
7193
177
1932
7928
5174
8038
3171
3537
3493
4113
6971
7623
5462
6668
2839
5864
2683
1215
2186
8720
4471
590
7578
3504
6321
2444
4464
9194
9317
9261
8047
3353
6759
2409
7823
8461
4725
732
4085
7523
1961
5066
7185
84
6951
2912
8659
7108
8233
4693
1402
9322
533
6496
5675
4992
567
6611
6682
9168
3424
3077
2152
1902
7099
2478
7450
2421
4744
459
8705
7449
7527
945
299
1212
450
6990
4694
1548
663
1739
6556
345
5953
5982
8688
3092
3650
5851
9107
3795
1807
5914
6578
2530
312
613
1264
8915
3538
5768
892
5638
9651
5099
4015
6099
3386
7435
6068
1060
8440
1364
7172
6000
687
1371
3325
4914
9269
1911
6174
4968
9492
9024
2545
3431
2018
7424
5910
5436
8504
3991
9192
7598
6418
4378
4911
2447
3650
5307
9985
8256
8048
9043
7253
6516
7682
8908
918
941
7012
1100
64
19
6949
8443
3610
8899
7886
357
5072
5396
2767
315
1259
4453
6327
8052
6623
3809
8991
8322
6082
5445
4228
5007
9732
5176
7456
7749
575
8537
1780
9116
236
503
8756
5007
2511
1737
7567
3992
6561
126
3081
266
1384
8638
4519
1437
2485
5600
5894
1011
3401
549
2184
2009
8885
8033
5916
5850
6492
4218
6104
6237
919
872
8214
239
150
2477
569
2379
6526
4462
267
6470
5555
7135
5636
7959
1619
6477
5433
2995
2300
9669
5214
7687
6315
2706
905
9422
6274
1668
7061
7123
4037
1691
4431
9504
1218
8162
9409
644
7194
4217
89
6004
1392
5259
3957
408
1261
2495
1453
9510
4734
1065
7964
6268
5851
6208
1053
6454
4228
3931
7838
8144
8202
4628
4403
1974
9255
6046
5642
4967
5259
1699
2887
1207
2900
3526
9084
9795
777
4744
4774
6400
6771
3206
8870
524
4712
2799
762
1094
4982
4995
248
410
4089
1990
3798
1380
6601
2260
3177
5478
1218
8527
8249
5669
9281
3188
6205
2461
8248
8940
7016
3844
2319
3166
3503
5660
5352
7217
2789
3986
60
2848
9190
6532
4118
742
156
6416
9996
9176
2705
3079
8422
5682
9378
3552
9389
8489
2044
3849
8769
7568
8567
7128
1654
1927
6299
6143
4508
9709
3442
6990
314
1926
2652
9442
151
8359
9385
7324
1204
7614
1527
1741
2937
9903
7096
6925
1995
1241
8894
9707
3414
8424
8054
3566
5757
2723
479
8249
2123
1957
4421
333
7669
6089
8127
6969
1150
5870
9953
7677
2342
1386
1790
4860
544
6379
5165
2784
3711
4824
7047
7479
2748
4087
9611
5402
982
8055
6222
3663
6391
3869
9042
7668
3663
5581
6450
8204
6976
5438
8615
3975
1637
5872
3178
6153
7263
3321
7271
1596
8013
7802
9082
2417
1015
9425
2456
9938
6711
2584
813
547
4213
8570
9821
7335
9070
9926
2873
6703
6608
4316
7617
1501
8485
3396
2256
1767
1465
7294
6136
6615
4617
7908
8779
7662
138
4619
6515
6441
9683
9145
9743
3916
6025
9056
3834
4106
309
9400
1097
1831
1683
4155
1409
5301
8938
2634
7203
6250
7763
6781
645
115
9271
6456
1070
7025
3722
2697
8590
9346
2382
1597
6952
4411
9542
3186
509
3617
6120
5143
2773
455
813
4928
4028
9985
5896
8470
8136
7718
9776
9339
4291
7573
8236
5019
1081
4575
9914
2462
5390
5666
685
3498
9805
853
9777
9397
841
2687
9963
3256
1602
7859
1921
2318
1527
3846
5267
4124
242
1472
2789
2396
4196
1600
6827
2529
5149
570
4960
9583
1704
316
1906
4546
4017
5791
1613
5212
3508
1385
4690
365
3027
6175
8068
7962
9396
5447
2240
5488
1557
1051
7174
4802
5245
7466
72
6399
6480
2312
6813
7663
4478
9430
4003
1915
3320
2109
415
8364
2400
1107
9170
4939
9469
8384
3178
1400
6120
7226
4337
9495
6262
6796
3463
9460
2897
3781
3655
5959
5349
1469
5672
178
2053
6050
9762
3000
8263
753
6139
1656
9299
5089
9885
4534
8323
9016
3014
155
2663
7921
3900
8467
9912
9141
6427
5748
1110
182
620
6270
6769
4299
9971
9694
3072
1109
5669
3996
9618
1409
68
4901
1615
5190
5561
9859
7385
8542
9709
1655
660
5665
8980
9321
5599
6588
2566
2902
3535
305
251
6009
6359
9432
2131
7940
3941
8675
6703
4365
3756
9696
8575
1542
9737
9095
8393
6532
4804
7155
5187
1521
1141
7198
3661
8749
6640
5828
3902
5216
5231
8922
5417
7610
7195
8535
1531
347
679
2704
404
5358
8041
3666
8688
9648
6741
2968
8433
7183
8343
7789
9083
5325
2077
5851
5164
1492
191
1010
6117
5347
1308
4372
1145
6902
4994
4413
8177
5205
2969
895
9577
9027
7245
3308
683
9350
9591
4525
9990
1366
9175
6639
2730
494
5391
8493
3763
5408
3743
7864
2064
3925
2424
7988
1663
8642
6031
1180
5350
934
593
2758
608
8464
5517
4624
7891
189
4467
3322
3882
5823
4855
3853
5876
8041
3745
8409
6920
6118
8900
8860
8674
8330
8169
8686
2319
9776
3399
6458
1201
9619
3249
8423
9487
5816
8429
5909
7180
3016
9932
9698
9955
4316
7899
1740
9596
2545
4197
2673
7165
5611
1682
2274
7472
9525
1
86
5501
4838
6941
1866
8372
3359
7103
3431
6265
4369
5984
4124
1244
5452
1528
938
7203
5107
2600
8543
8039
1147
7744
7225
8536
2305
110
1340
9438
9835
9365
8207
7661
134
3286
8369
3508
5951
1069
2505
738
8270
3946
1467
2373
6493
1498
1494
8752
8006
3665
1626
5672
5258
7751
3735
7020
494
8316
5568
6047
3359
777
9934
9524
886
3205
9922
6564
6439
8192
242
5758
9971
2479
5813
3580
6430
5349
426
3501
8123
1467
6225
4181
5875
5196
8749
2126
8532
4287
2129
5736
3686
2785
6520
9156
2569
7310
3729
1881
5290
2044
9719
6225
9092
5812
2286
5796
5923
9902
3033
2623
5668
3577
3481
5808
665
3508
4512
6112
7353
1435
228
1005
5187
4977
2446
115
9922
1782
9746
823
4204
2805
25
3952
4277
3805
4939
3106
6865
1002
7688
4616
8679
5615
5109
2701
2897
2226
9492
6231
4895
1093
9323
4593
4315
5436
1223
5156
8151
4192
6794
769
2323
6607
6191
5501
1066
9949
8734
4314
380
6235
6043
5086
9095
5682
5465
7169
254
9308
5036
1800
44
5056
4796
6297
3537
6008
5461
2187
5563
3952
1564
2028
4992
8077
9788
5774
5592
7624
1645
655
1335
5558
6678
1555
2824
8101
3898
9952
7381
3077
4446
3462
3426
1072
5578
9801
2570
3672
366
7804
9218
155
5996
8268
1769
9925
7459
1990
1457
7379
6108
8774
7159
2335
7533
2061
5613
5341
6251
1038
73
2001
60
2693
6647
9194
1242
8260
6842
3247
1508
1996
9311
2149
382
7828
6978
6538
2841
1529
5146
6113
7886
1859
463
6874
9891
6895
9516
6413
8544
5790
9551
7763
1819
793
9454
1889
6335
7199
5012
674
2363
1373
6696
336
2007
2889
9374
4623
5458
9227
1095
2694
7942
1449
2452
8619
3981
7901
5032
8985
7101
3749
7563
6976
6543
8118
4394
3386
1469
8990
7372
8694
4249
5461
9824
3234
4106
4111
2738
6105
8545
5009
2460
8183
9835
5517
9881
5173
1535
796
8437
7974
727
2614
2384
3485
3275
913
5633
9944
8136
2628
599
269
608
9623
7659
2991
363
5017
3681
9821
4668
6253
8845
1671
9294
8162
3059
238
9021
6926
5735
551
401
2198
6594
5788
4756
8509
1862
7472
9205
9814
8793
764
181
8343
8493
1754
9727
6316
7552
6413
1205
5221
1615
8843
5685
7470
4565
7305
4314
7113
3426
5745
4543
8153
3047
8578
494
1645
8653
4788
3271
4440
2757
4343
5212
553
5418
6375
4057
5500
4386
4734
8225
2028
6980
8854
1875
2147
9828
2265
6620
4927
746
1527
9093
8371
8016
5747
5837
2103
7610
4107
7394
1085
7327
6290
3257
8146
1478
7739
3261
844
3900
6036
4340
9030
3969
9469
2588
3621
7731
5555
5365
2998
2115
14
1400
4567
2547
9395
4533
2638
8736
4454
7211
7866
6941
1313
5791
996
8773
6537
688
1633
8642
483
9537
8999
4763
515
8213
6105
4711
8492
6937
2401
5649
3801
3387
5722
9220
3014
2825
3511
5013
9612
2852
8290
1136
7079
1236
2469
3467
6374
6820
79
5239
639
7757
3763
8964
1820
865
1987
2532
5622
1214
9541
2008
412
5827
8463
6166
7024
3262
5796
3708
750
8595
8411
5470
778
1386
6840
3116
4261
6879
8521
2991
7275
9277
287
9298
9597
4964
6135
6973
6678
6870
708
1884
8828
130
1067
5566
4836
4632
8587
3673
7362
1836
5558
4251
7388
8357
6385
7884
5738
373
8324
9615
9325
3650
8974
423
8249
8179
8360
5478
3600
9191
5076
2065
3180
302
1826
7631
6808
5259
142
4784
1819
385
8042
2330
1923
8715
3092
7855
2794
4552
4995
7035
8984
2467
6835
3641
500
5248
4667
3956
936
9491
7127
3787
9472
6875
4551
1774
3646
4315
8467
9717
6814
1928
6297
3184
5953
4462
6261
1529
1000
2526
1356
4326
3663
8194
4516
4714
4835
9218
3011
8075
241
3262
2115
2366
2173
187
8447
9614
8780
11
2189
5164
9262
5317
1352
2529
9179
275
7688
5694
3913
6218
5040
8004
2151
949
1013
5824
7610
2026
1622
7230
2449
1822
11
6414
9238
3892
6062
8820
2884
2160
6272
793
3312
4026
282
9039
3397
3134
8018
3906
5872
1281
534
1354
2213
7710
5896
6989
7067
749
8997
3954
7067
9973
9779
1983
784
4025
3847
8788
2651
9038
3569
5888
759
3341
8037
609
7859
771
1622
9994
4769
6725
7296
1788
4155
7697
994
9735
6493
4016
3767
586
4626
1640
4848
758
526
4654
7967
7152
5621
5785
2018
2790
9751
8753
8010
3241
3385
6293
8184
3688
7681
7580
5123
3853
1374
2900
7816
4817
6561
4071
7982
4090
7036
699
9844
6005
6533
8408
9066
8143
886
2516
9577
1661
4421
794
1824
3595
7051
4330
3628
465
244
3081
9251
7442
4978
1113
2541
430
2365
3604
4047
9896
7403
1538
293
7985
1912
618
8763
1763
6802
3156
8441
5706
100
5677
8665
4172
9149
516
454
6218
9708
1537
7283
7054
9035
4133
8644
2596
3157
8237
8605
5765
7892
2112
9110
2527
1163
9288
7815
224
2813
3981
9574
5825
5001
1421
8426
6736
5315
3576
1194
4245
4447
8023
4920
2742
7196
2108
6147
1430
7707
5525
2765
1992
1515
2138
5115
4593
1059
6102
2226
2635
6395
3699
6788
2198
8295
9790
5350
4730
5520
7913
8445
4503
5377
511
8917
8333
9947
5746
8494
3368
1573
2448
6707
1491
1012
2964
5512
1373
5299
3129
4799
1272
5055
8778
9111
3422
5602
8308
8994
1102
1754
1501
8018
2341
8421
1661
8975
8760
9579
9274
3351
9149
2551
2947
4146
2698
6387
690
9697
2117
2880
5972
4643
2586
6159
7605
9060
1627
879
8900
5826
3490
3635
9814
2317
8545
8767
9862
9434
4539
7551
314
9156
5995
7220
7584
2944
9666
220
24
1371
8446
237
6395
6578
1686
3693
2473
1213
1634
2065
9441
2601
1975
1648
4121
4130
4417
8052
9581
9081
3592
7004
500
8407
6485
9329
7038
2990
1182
8115
1513
8456
5053
3326
3155
9439
6831
7327
2410
7384
1368
429
47
8621
5027
4790
5817
6997
1799
6983
2854
3473
6582
3879
3020
2118
7855
7376
3934
5651
3571
1515
9386
382
9925
3608
415
8879
7530
8407
4652
2216
8319
7318
515
1519
4618
7591
524
2346
8953
7244
4550
6310
519
4130
904
68
13
8632
8518
4001
8869
5530
4655
5872
6857
3966
851
7174
4410
138
7778
4433
797
2720
9664
9238
5615
4264
7412
4150
2330
8840
1471
4140
1295
6850
458
8565
195
3290
1849
9340
8439
4659
7884
7282
5599
6645
803
4823
4580
3756
6449
7575
628
5824
9610
6468
2727
2349
3702
2107
6077
5774
9960
5654
7203
3483
8983
7790
9045
9532
9995
5674
2909
4473
868
4376
7929
5712
3764
103
5931
641
7549
9215
1722
5625
2757
5389
773
6058
7094
5999
6504
9059
2610
5256
7847
2945
3171
9217
8055
6018
2241
5869
5788
1073
2572
5718
1373
1539
6857
2169
9764
9613
8058
2235
1713
7056
2774
5479
2382
66
9720
4101
5085
9818
2546
152
3918
3656
5426
6276
3709
3519
3805
4153
3272
271
4792
7617
3438
9811
2950
4002
7762
2868
7164
4721
4191
5400
5712
2196
7382
1243
6511
3585
5618
3368
9773
6424
6013
3492
6280
7913
283
8455
7173
8276
6916
9015
316
3388
8895
659
4688
7014
4458
1562
9846
964
231
3525
1335
8264
3136
5415
4016
4983
4506
3392
3063
397
8087
9224
8376
8918
2181
8398
3469
9888
3445
7485
4460
7467
7590
6104
3466
6441
656
1106
9421
2840
5100
6460
9184
2073
8464
9116
6463
7820
8713
1686
3922
746
2529
1994
199
6926
5744
5706
7720
3777
9998
5189
5451
786
6230
3845
3848
7454
326
4098
3445
4193
9812
2433
7549
9609
5675
268
3216
1122
5091
3407
9876
1428
9870
6172
1369
4166
7886
2300
4297
6957
7588
3267
894
6405
8819
2190
8334
1242
9411
9436
4674
5587
6770
1254
5428
3516
5364
6429
5111
2399
75
9646
2400
767
3891
7652
4033
9664
4212
3530
3543
7670
810
3499
2137
2760
257
5800
4049
6272
9033
7317
2935
7475
393
2817
6441
6503
8384
9265
1495
1494
8999
6584
3354
8654
4883
2820
2181
786
1254
3047
2083
2368
9413
5280
8496
8111
3988
3511
5188
5877
6973
6642
1930
83
8191
8342
8430
2814
8819
2125
613
7499
7530
896
6071
8966
3715
5329
8935
7806
9944
9592
3523
9905
712
4840
9254
3551
5520
5213
6443
8317
7202
181
5053
905
8567
6328
2329
7829
1296
6421
5157
2306
9080
3626
9402
1034
2422
7887
6236
9706
8751
8448
1882
2746
5624
4181
9169
5323
9992
4336
1243
5052
380
4867
1813
664
6373
4907
3998
4655
252
7581
3050
4512
3525
4907
1959
3632
8177
4674
8856
3945
6157
4676
8108
1762
6488
5917
3635
4759
7506
1268
9335
5013
9712
1728
6661
4996
3437
660
735
1553
2714
9816
7994
2663
5413
662
9314
6122
135
542
9982
3807
6456
4790
2174
4507
8509
2418
5473
8599
7905
2380
7171
5325
5874
9056
435
4737
7650
9366
4418
1071
9263
2220
4295
6157
4428
6639
5856
9420
8845
23
7491
5137
3122
2925
3523
3306
4747
8969
5966
9503
9674
7292
5875
1671
7429
5222
4081
980
682
6741
1194
9884
4046
28
5926
69
7230
1595
1492
5068
7591
3937
4363
641
3616
6250
1823
1427
7557
2182
9280
6948
4639
5257
2956
4168
4782
4728
3236
8607
4376
3942
1323
3053
267
3691
5403
4803
6959
4286
7602
7755
3592
3103
858
6421
1767
4068
9591
937
8047
6061
6665
5736
4085
4502
1601
4772
5024
5785
6031
3912
4704
3053
6522
1813
1900
2991
4186
7915
9523
427
4063
9488
7364
1543
4484
9584
761
7916
9709
4881
5630
2386
5806
3825
5264
6919
1830
6414
6800
9244
4328
9618
6294
1804
282
4842
7347
3546
8310
1697
4847
4406
1054
4621
3952
6651
4300
790
7244
8184
2120
1262
3830
633
7250
8706
3780
3009
2063
1099
529
8118
193
337
8158
5578
1919
221
7444
5665
5540
7401
6789
20
179
7351
6784
5344
5848
9899
9666
3371
6217
7701
650
8438
1387
8639
965
1352
3361
1487
2296
5868
3919
3801
2701
520
5486
8309
5412
1944
456
3464
6138
1496
3890
7378
5159
1643
4058
9939
2465
4218
2549
4122
5198
9964
5339
4204
2535
1854
7727
3197
4041
6912
9862
2271
6869
3004
6057
708
6678
6259
246
369
9570
8950
2464
1665
9898
5758
5846
4306
3292
2248
7393
833
5352
1041
6631
3757
5071
1769
5565
730
2823
6039
6778
8085
1051
8313
8054
3663
3231
5158
6545
2216
7089
8595
224
7081
8028
5438
690
7821
5382
6698
4865
2749
2489
5847
6899
6503
7295
1837
5184
6682
3686
5445
446
8449
2947
4852
2953
6873
5267
6181
6094
8577
4620
4802
1078
2781
2930
703
3584
7111
8389
579
1911
5363
5384
9555
4131
8652
2828
8845
9819
4704
8891
7022
3368
5174
945
5696
660
7415
2773
8452
9457
8464
3189
7736
2359
7122
9871
7189
5173
6052
9756
5943
8953
9558
2230
6986
6714
9778
4219
8317
226
7521
8858
7814
3354
7432
8825
8498
1229
1917
1577
2087
6542
1065
9617
6488
1750
7020
1592
1940
5077
6760
5503
5579
1642
59
2650
862
7085
5084
4670
9026
5738
7745
1366
9648
2712
6635
912
6253
6711
6671
6756
4465
9369
2113
2981
1430
3335
2783
9152
5103
5092
1047
4257
3906
2862
5430
1477
9732
8816
6926
234
2223
8181
227
9763
3010
4440
1619
8552
2773
6871
5744
6858
1544
7989
7963
5155
2071
3902
8094
252
7724
3013
8501
4344
2417
3962
9818
8878
8192
3431
8605
4164
3641
3321
3436
5654
495
8188
548
8806
95
2335
1748
8062
9806
951
9899
4561
478
8624
9934
8223
9085
5261
3959
1415
8091
8928
5436
8599
5013
5126
4699
910
3731
5162
1552
4371
8970
3241
4883
6351
3166
7957
2849
5637
7720
4323
613
9393
3856
8624
6610
4718
1912
4720
2543
5490
9876
6039
3136
4436
8985
4400
30
4046
4449
8714
994
3981
4152
1267
67
1237
3767
9149
1353
3570
6075
1613
2797
8521
5392
626
5471
4268
8063
210
3283
1245
2737
2448
1834
1194
6303
7706
2456
182
1448
5631
5911
8841
238
542
168
685
2653
9241
3137
7721
6873
5080
5319
7403
6147
2266
7913
1342
8439
6455
4758
4060
7061
2609
3325
76
1082
7768
8767
5052
107
60
6211
3162
2766
8189
7350
1324
4581
7119
7836
2688
6519
4170
9752
8973
9676
6653
9603
6696
2564
5810
9324
3907
6453
1389
2429
9647
6608
1934
1830
51
5215
7366
4553
5349
8429
9430
6241
3700
6961
4114
7983
8536
3097
1813
6242
354
399
3534
2466
8925
1306
3192
314
8646
3716
6552
7808
3927
5107
1887
3410
3774
8951
6847
8718
7885
3647
3771
2189
5355
8696
4695
7022
3960
7938
5966
8795
3725
5777
3362
938
8018
7517
3581
3218
9625
7926
3239
3640
4167
25
7873
6485
1187
7111
2605
2805
5287
8072
1041
1711
9812
2635
2896
7340
7538
9400
9016
7318
4788
7509
4315
8222
5994
3585
3797
8090
8576
4160
380
6569
7764
4244
8870
6884
3317
3636
3940
2052
2070
1580
4363
7770
1426
4576
1603
702
3530
8222
7017
1655
5370
7487
3983
5059
5769
1242
7667
1333
3167
4438
189
681
3681
5145
8914
4420
9047
2433
7542
124
7967
7950
4734
5361
1563
4123
8388
4104
9429
4279
3139
6978
8226
9252
9537
7421
4532
3819
877
6951
6554
8490
4046
4218
3122
3980
8683
6984
2975
2099
7337
9092
3974
6500
8079
2874
6161
5599
6213
45
7222
6553
3659
5756
8690
4072
806
495
3455
3594
149
7060
2885
338
1458
7856
4829
6545
3091
2260
8064
7933
9888
110
238
8768
7424
1049
5450
3664
2332
210
5346
1910
7221
5543
3917
2525
2529
7950
3677
6857
5888
2928
3156
8338
956
2961
2099
1820
4159
7932
9774
7667
5440
303
5723
8440
8629
6768
3289
5331
2988
1803
8125
4403
2164
5241
871
3546
1526
1950
8755
9614
9841
9743
3372
6445
9347
6926
7147
960
835
2212
6877
1914
9243
4138
1474
7262
6516
4452
2305
7499
2793
6475
1306
9605
781
6229
7316
3424
5753
2098
8788
9243
8110
7318
1295
839
8552
142
2582
8851
5027
7329
913
1846
2983
53
9303
7031
1023
3226
6776
7372
9784
7191
6845
4046
7861
2911
9784
5925
9087
1615
4533
7605
2953
4648
2674
1285
7041
3811
6587
6951
1763
8054
701
1593
6487
1441
2317
4743
3771
7093
9537
4747
3388
5106
3915
2531
2637
6251
5367
6012
8938
6905
1562
4704
8871
5688
8889
1626
6145
2098
5340
2226
2038
3062
9831
8009
480
3973
7096
162
4524
4537
288
4347
3481
3442
6328
1368
2332
1310
2373
4682
2433
8819
7925
5552
3835
7356
3129
426
9196
7839
8061
2902
609
5799
4738
4074
8677
9971
2429
5740
6422
5722
3337
5569
4244
9481
2535
4880
9909
2362
5750
3762
1637
1090
9165
425
9515
9560
6100
7914
6375
9869
3907
3960
3768
5724
5890
1551
8218
5344
6864
3417
988
1820
9440
8624
9103
6395
1229
7025
8011
9189
6654
1817
1004
3162
9524
6431
5577
5566
400
6846
5205
9329
4305
4861
4894
7866
9307
8236
4851
4655
2820
2013
6499
2756
3561
2685
352
3069
4925
7230
8067
130
9745
962
1289
62
9694
6118
3930
1827
5231
6024
7578
9471
668
7943
7977
2883
6850
3510
5637
501
7758
6908
1535
8148
1192
4891
7275
7523
4556
6618
5441
7125
1795
193
3664
1395
1584
97
1634
1660
9783
318
4315
2554
2136
9067
3627
3677
2249
4832
867
3734
2721
3017
3780
3842
9649
7710
706
6449
1229
3179
5416
7650
5192
571
9494
4541
5022
4006
6453
6620
8842
5348
1658
8487
6808
6092
233
8730
4021
2542
3505
5285
4418
3834
6709
1633
6168
3643
2459
3754
8869
9075
4157
5805
3828
5027
2190
6975
7147
4071
134
8087
8830
9485
8014
9609
3136
5264
9495
1184
8714
6549
7028
5191
2788
5393
9640
2821
977
6389
4826
4403
8743
4071
5909
3002
6587
6510
7308
8334
4427
1482
8922
5601
9717
5933
40
3573
2918
4362
9800
4642
4684
7673
7006
512
4812
5491
2143
3074
9872
176
4001
6319
7448
7707
4482
8878
2145
6159
1204
1469
5604
6305
5445
9998
3717
4953
9677
1551
9851
1054
5745
1060
7151
2636
6629
5859
8398
9717
879
5708
5417
7569
70
9347
4076
979
9912
7084
7979
635
6987
6081
7383
2913
5003
6947
800
3332
4306
763
2533
5311
7382
3483
8
3844
557
7414
8861
5305
4315
6280
7648
4364
3484
8755
6373
5955
5757
9544
3259
2308
7140
7694
2698
1438
7952
6098
6396
6835
1483
3276
2888
7026
6555
41
9977
1733
6232
3194
2781
7348
7289
1944
9753
4852
9991
9315
5146
2191
6147
5590
5014
5905
8163
8264
897
5068
1767
9825
7804
4361
3978
6550
103
2284
6484
6452
5639
4738
6364
2230
3507
7418
5211
4834
6904
1469
300
2166
5757
4731
1727
5098
4657
5171
7165
4834
8735
8095
4741
1219
899
5082
5877
943
8935
1999
9380
591
567
79
3324
2684
3091
5358
5414
4793
3714
7387
8062
5905
6114
7019
2517
24
6830
1536
8708
8065
6825
8859
3950
5196
9207
6475
7087
6377
1755
6512
7441
6510
4155
2849
9309
4416
1408
7142
6254
1537
6601
1043
8129
3159
6350
6338
600
2645
386
4556
4558
2456
4178
1555
2966
8992
1499
8847
8908
7737
7800
6323
797
8773
5624
9819
5714
3207
1710
6021
1590
767
322
2409
1369
7741
8501
1462
7038
564
6274
6234
2735
4556
95
1181
192
7524
5283
2651
5313
2130
1442
4060
6140
4344
1123
9538
2735
8469
4178
7726
324
8757
5762
2272
8683
4583
4362
5529
8601
3705
8496
5246
3113
161
6852
7339
593
842
2595
1346
5280
1353
491
3535
5140
9388
8590
9977
6424
8974
496
5447
8474
905
2699
6908
1706
248
1458
1136
5086
4424
9154
9629
2338
4091
1492
1187
3581
8344
6143
8936
7200
7858
9882
2864
5287
5379
9375
7876
3266
3957
1963
7090
7389
9693
6674
5633
5418
8933
4480
3359
8209
1621
3034
5722
686
4365
3011
6647
9704
9537
1402
2930
8914
640
8081
4546
1354
4723
5720
1992
4911
7647
7560
4900
7072
9319
9884
3876
3792
7282
7545
523
1205
2308
750
4633
1071
5307
4998
300
3366
9801
1770
1155
3356
5448
6180
6091
353
3919
3247
3576
1254
5520
7562
2898
7529
8794
5227
8185
47
914
6512
70
4479
8122
2368
495
8123
4235
7313
5414
2714
2708
4258
8592
2657
2206
6072
173
1568
2459
3895
5225
7432
5867
5094
6670
7930
9947
3573
8515
7243
1786
1178
1365
67
6713
6886
7056
7509
9647
6871
6665
969
2742
8246
636
1493
3109
4945
3710
1850
219
1027
606
9179
5669
3359
5581
4744
2956
4044
4342
8072
4430
2938
8059
3221
7015
6659
1598
49
5836
6524
6985
5735
1875
6538
6507
8781
4290
626
5392
6117
8003
1353
8907
3730
3793
9866
4498
6743
1379
358
8055
1211
3841
3397
4686
921
3031
9562
719
9604
3589
3045
634
5288
1136
1363
1794
619
985
9728
7672
7571
5512
3724
9349
5681
2021
9034
5235
2618
6466
2885
281
8887
7912
6430
8353
1026
5277
3409
4503
4801
2591
4150
6640
143
7792
787
5604
3221
8845
158
8154
2184
8813
31
4879
4636
8803
980
339
6423
7327
3935
736
9936
3143
7674
9127
6726
2381
6203
7017
3724
4638
7330
4687
6066
231
9263
6982
8031
9699
4672
5306
9386
9013
6632
7694
5912
975
6668
3766
2784
5917
1719
4657
5019
4081
6525
3638
9735
6812
1356
2377
5146
9365
4078
2442
3299
7641
2107
4043
1548
9935
2444
3708
8763
1254
8938
1365
3288
3614
5845
255
2778
3280
928
3807
2858
9691
6506
5728
3257
1708
6167
5500
1773
5385
509
8855
5478
5498
3291
6840
3439
500
7075
1732
6497
1252
3577
1960
7265
5956
275
8067
3225
2381
1184
9423
5811
4265
6261
2906
2882
4419
4194
2885
3691
2990
6084
6184
8289
2206
3523
1311
8671
8583
6283
646
3469
5809
8441
8476
2790
53
699
295
7456
5958
1274
4324
8346
2686
7155
8089
3588
1268
9120
9849
3816
1319
6838
4354
6982
3434
3400
7783
493
3740
6264
9669
7574
6418
2061
9685
8842
7380
6385
4125
3156
849
193
2370
1201
5519
8792
783
4692
8083
4405
3323
8134
873
3192
6873
3643
6657
