1000
0
1
2
3
4
4
4
5
6
8
10
10
10
13
13
15
16
17
17
20
20
22
24
26
26
27
27
28
31
36
36
39
40
40
40
43
44
45
45
46
47
47
49
49
50
56
58
59
60
61
62
63
64
66
67
67
67
67
68
70
72
78
78
79
79
81
85
86
88
89
91
91
95
97
97
98
98
98
99
100
102
102
103
104
105
105
105
106
106
107
107
108
108
108
108
110
110
111
111
113
117
118
118
119
120
124
124
126
126
126
126
127
130
130
130
132
135
139
140
141
144
144
144
146
147
147
148
148
148
149
149
149
150
150
153
154
156
157
158
158
159
161
163
165
165
165
170
170
170
170
171
173
173
174
175
175
175
175
176
177
179
180
181
182
183
184
184
185
186
186
186
187
190
190
193
193
193
194
195
196
198
199
199
199
199
201
203
205
205
205
206
209
209
212
213
214
215
216
216
216
217
218
218
219
220
223
223
224
225
226
227
228
228
228
229
229
229
230
231
233
233
234
234
234
235
237
238
241
242
243
244
245
245
248
248
248
249
249
252
252
253
258
258
260
261
263
263
263
265
265
266
267
267
271
272
272
273
273
274
274
275
277
278
278
280
283
283
285
286
286
286
288
288
288
289
289
289
290
291
291
293
297
297
298
298
299
300
304
304
305
305
305
307
308
309
311
312
313
315
319
319
319
322
322
322
323
323
324
327
328
329
331
334
334
334
334
335
335
335
338
340
342
343
343
345
346
346
346
347
347
347
347
347
348
349
349
350
350
353
353
354
354
355
357
360
361
362
362
363
363
363
365
365
366
366
367
368
369
369
370
373
373
376
378
382
382
383
385
386
389
390
392
394
395
395
395
395
397
398
398
399
400
400
401
401
402
402
406
408
408
409
409
410
410
410
414
415
416
416
416
417
418
418
419
420
420
420
420
422
423
423
423
424
424
425
426
428
429
429
434
434
435
437
439
439
440
442
443
444
447
449
449
449
449
450
450
451
451
451
451
452
453
454
454
455
457
458
459
461
461
463
463
464
464
464
465
465
469
469
471
472
472
473
474
478
481
483
486
487
489
489
489
490
490
490
491
491
492
493
494
495
495
497
497
497
498
498
498
498
498
502
502
502
503
503
504
505
505
508
509
509
510
511
513
514
515
516
517
519
519
519
520
521
522
524
525
526
526
526
527
528
532
532
533
533
535
536
536
537
538
540
540
541
542
543
544
544
545
547
547
550
551
555
555
556
557
558
559
559
560
561
564
564
565
566
566
566
568
570
573
574
575
575
575
580
580
581
582
582
582
586
586
587
589
590
590
590
591
591
592
593
594
594
594
595
596
599
599
599
600
601
601
603
604
608
608
608
608
609
611
611
612
613
613
615
616
616
618
618
619
619
621
622
623
626
627
629
629
630
631
633
633
633
635
636
637
638
639
640
640
642
642
644
644
645
648
648
649
649
649
649
650
650
651
654
654
655
656
656
657
658
658
659
662
662
664
666
666
668
668
669
669
670
670
672
674
674
677
678
679
680
680
681
682
682
684
685
685
687
688
688
689
689
690
691
692
696
697
702
702
703
703
704
704
704
705
706
706
706
708
709
711
711
713
715
716
716
717
717
717
718
719
719
719
720
720
720
721
721
722
722
726
726
727
728
729
733
734
735
737
740
741
742
745
746
746
747
747
748
749
750
750
751
751
751
751
753
754
755
758
759
759
760
760
760
762
762
763
763
764
764
764
765
766
767
768
769
769
769
771
771
774
774
775
780
781
783
783
784
785
785
787
790
791
791
792
792
792
794
795
796
798
798
798
799
799
801
804
804
805
805
807
809
813
814
816
816
816
817
819
821
823
824
825
826
827
828
828
829
830
833
834
835
835
835
838
839
840
841
842
842
843
845
845
847
848
849
850
850
853
854
855
855
855
856
856
860
860
865
865
867
867
867
867
868
869
871
872
873
873
875
877
879
879
883
883
884
886
886
889
889
892
892
893
895
895
896
896
897
897
897
898
898
899
900
900
901
901
902
903
906
907
907
908
908
909
913
913
914
915
915
915
915
916
916
916
919
923
924
925
926
926
928
928
928
929
929
931
933
933
933
935
935
936
937
937
939
942
943
944
945
946
947
949
952
952
953
954
954
954
955
955
956
956
958
960
961
961
963
965
966
966
966
967
967
968
968
969
970
970
971
971
972
972
973
974
974
975
975
975
976
976
976
977
977
977
978
979
979
981
984
984
984
985
985
987
989
990
990
990
990
991
993
994
995
997
997
997
998
999
