10000
1
2
4
4
6
6
7
8
10
11
11
13
14
14
14
14
19
19
20
23
23
24
24
25
25
25
27
28
28
28
29
30
31
31
32
32
39
40
40
41
41
44
45
45
45
45
47
47
47
48
49
49
49
50
51
53
53
53
59
60
60
60
61
61
62
62
63
64
66
67
67
67
67
68
68
69
69
70
70
72
73
75
76
77
77
79
79
83
84
84
85
86
89
89
91
94
95
95
96
96
97
97
98
100
100
100
102
102
103
103
105
106
107
107
107
108
110
110
110
110
111
112
112
115
115
115
115
121
124
124
125
126
126
130
130
130
131
131
134
134
134
134
135
138
138
139
142
142
143
143
146
146
149
150
150
151
151
151
151
152
153
153
154
155
155
155
156
158
158
160
161
162
162
162
163
164
168
169
172
173
176
177
178
179
181
181
181
181
182
182
182
183
184
185
187
189
189
191
191
191
192
193
193
193
194
195
195
195
196
196
197
197
198
199
199
202
203
203
207
207
208
208
209
210
210
211
214
216
217
219
220
221
222
224
224
224
226
226
226
227
227
228
231
231
233
233
233
234
235
236
237
238
238
238
239
240
241
242
242
243
244
244
246
247
248
248
248
249
250
251
252
252
253
254
255
255
256
256
257
258
260
265
266
267
267
267
268
268
269
269
271
272
274
274
274
275
275
275
277
280
280
280
281
281
282
282
283
285
285
286
286
287
287
287
288
288
288
289
289
293
293
293
295
296
299
300
300
300
300
301
302
303
303
303
305
306
309
311
312
312
313
314
314
314
314
315
316
316
316
317
318
318
319
322
322
324
326
330
333
333
333
333
334
336
337
338
338
339
342
343
345
346
347
347
347
349
352
352
353
354
354
355
357
358
358
363
364
365
365
366
369
373
373
374
376
378
380
380
380
382
382
384
385
385
386
387
387
388
389
392
392
393
397
397
399
399
399
400
400
400
401
402
402
404
407
408
408
410
411
412
412
413
413
415
415
415
416
416
419
421
421
423
423
425
425
426
426
426
426
426
427
427
429
429
430
433
433
434
435
435
435
437
438
439
442
446
450
451
453
454
455
455
456
458
458
459
462
462
463
464
464
464
465
465
466
468
469
469
469
470
470
472
473
476
476
478
478
479
479
480
480
481
482
483
484
485
488
488
489
490
491
493
493
494
494
494
494
495
495
495
496
498
500
500
500
501
501
501
503
503
504
507
509
509
511
512
512
513
515
515
515
516
516
519
519
520
523
524
524
524
524
526
526
528
529
529
532
533
533
534
536
536
538
540
542
542
542
542
544
544
547
548
549
549
550
551
551
553
554
554
557
558
558
560
562
564
564
565
567
567
567
569
570
571
571
575
577
578
579
579
580
582
586
586
590
590
591
591
593
593
594
595
596
597
599
599
600
601
602
606
607
607
608
608
608
609
609
609
609
612
613
613
613
613
614
617
618
619
620
622
626
626
627
627
628
632
633
633
634
635
635
636
638
639
640
641
641
642
643
644
645
646
647
647
647
650
651
653
654
655
655
655
656
656
657
659
659
659
660
660
660
660
660
662
662
663
664
665
668
668
670
674
674
677
677
677
679
679
680
681
682
683
683
684
685
685
686
687
688
688
690
690
691
692
694
696
698
699
699
699
699
701
701
702
703
706
706
708
708
710
712
712
714
716
716
718
718
719
720
721
723
727
730
732
734
735
736
737
738
741
742
742
744
746
746
747
748
749
749
749
750
750
750
753
753
754
756
758
759
761
761
762
762
762
763
764
764
765
766
766
767
767
769
770
771
772
773
773
777
777
778
778
780
780
781
783
784
784
785
786
786
787
787
790
790
793
793
794
796
796
797
797
797
799
799
799
800
801
802
803
806
807
808
810
811
812
813
813
813
819
822
822
823
823
823
823
825
828
829
833
835
835
839
841
842
842
844
849
849
851
852
853
854
854
855
856
857
857
858
858
861
862
862
863
863
865
867
868
869
869
870
870
871
872
872
873
873
873
874
874
876
877
877
878
879
879
879
884
886
886
887
887
889
889
891
891
892
894
894
895
896
897
899
900
900
902
904
905
905
905
906
910
912
912
913
913
913
914
918
919
919
921
922
924
925
926
928
928
930
930
931
934
936
937
938
938
941
943
944
945
945
945
945
949
951
952
953
954
956
956
959
959
959
960
960
962
963
963
964
964
965
965
967
967
969
972
973
973
975
976
976
977
977
978
979
979
980
980
981
982
982
983
985
986
988
989
992
992
993
994
994
995
996
996
997
999
999
1000
1002
1004
1004
1004
1005
1009
1010
1011
1012
1013
1013
1013
1013
1015
1016
1019
1019
1020
1021
1021
1022
1023
1026
1026
1027
1027
1028
1029
1029
1029
1030
1030
1033
1034
1038
1038
1038
1038
1040
1040
1041
1041
1041
1043
1043
1044
1046
1047
1047
1048
1049
1050
1051
1051
1052
1052
1053
1053
1054
1054
1055
1056
1059
1059
1060
1060
1063
1064
1064
1065
1065
1065
1065
1066
1067
1067
1069
1070
1071
1071
1072
1073
1073
1074
1074
1078
1078
1080
1080
1081
1082
1085
1085
1088
1089
1090
1090
1090
1093
1094
1095
1096
1097
1098
1099
1099
1099
1100
1102
1103
1106
1106
1107
1109
1110
1110
1113
1113
1113
1113
1118
1118
1121
1121
1121
1122
1123
1124
1124
1125
1127
1127
1129
1129
1130
1132
1135
1136
1136
1136
1136
1137
1138
1140
1141
1141
1142
1145
1147
1148
1149
1150
1150
1152
1155
1155
1156
1156
1157
1160
1160
1161
1162
1163
1163
1164
1165
1166
1167
1167
1168
1168
1169
1169
1175
1175
1175
1176
1176
1176
1178
1178
1179
1180
1181
1181
1182
1182
1183
1184
1184
1184
1185
1186
1187
1187
1187
1187
1191
1192
1194
1194
1194
1195
1198
1199
1199
1200
1201
1201
1201
1204
1204
1204
1205
1205
1207
1207
1207
1208
1209
1210
1211
1211
1212
1213
1213
1214
1215
1215
1216
1217
1217
1217
1218
1218
1219
1220
1221
1221
1223
1224
1224
1225
1228
1228
1228
1229
1229
1229
1236
1236
1236
1237
1240
1241
1241
1241
1242
1242
1242
1242
1242
1242
1243
1243
1244
1245
1245
1245
1246
1250
1252
1254
1254
1254
1254
1255
1255
1257
1257
1258
1259
1261
1262
1263
1263
1264
1264
1266
1266
1267
1267
1267
1268
1268
1269
1269
1270
1272
1272
1272
1272
1273
1273
1274
1275
1277
1278
1279
1281
1283
1283
1284
1285
1286
1289
1289
1290
1291
1291
1292
1292
1293
1295
1295
1295
1296
1296
1297
1301
1301
1302
1303
1303
1306
1306
1307
1308
1308
1309
1309
1310
1310
1311
1312
1313
1316
1317
1319
1319
1320
1323
1324
1324
1324
1324
1326
1327
1328
1328
1332
1333
1333
1335
1335
1335
1340
1341
1342
1343
1346
1346
1348
1349
1351
1352
1352
1352
1352
1353
1353
1353
1354
1354
1354
1355
1356
1356
1358
1363
1364
1365
1365
1365
1365
1366
1366
1367
1368
1368
1369
1369
1369
1371
1371
1371
1371
1373
1373
1373
1374
1374
1374
1374
1375
1375
1379
1379
1380
1381
1381
1382
1383
1384
1385
1386
1386
1387
1389
1389
1390
1392
1393
1393
1395
1397
1400
1400
1401
1402
1402
1402
1405
1408
1408
1409
1409
1410
1411
1412
1413
1415
1417
1419
1420
1421
1425
1426
1427
1427
1428
1428
1430
1430
1432
1432
1434
1434
1434
1434
1435
1435
1436
1437
1437
1437
1438
1441
1442
1442
1442
1442
1443
1445
1446
1446
1448
1449
1449
1450
1451
1452
1453
1453
1454
1455
1455
1456
1457
1458
1458
1458
1461
1462
1462
1463
1465
1465
1467
1467
1468
1469
1469
1469
1469
1469
1470
1470
1471
1471
1472
1474
1475
1477
1478
1478
1478
1479
1481
1482
1483
1486
1487
1487
1488
1488
1489
1489
1491
1492
1492
1492
1492
1493
1493
1494
1494
1494
1495
1495
1496
1496
1496
1498
1499
1501
1501
1504
1504
1507
1508
1508
1510
1510
1511
1513
1513
1513
1515
1515
1516
1519
1519
1520
1521
1521
1521
1524
1525
1526
1527
1527
1527
1528
1528
1528
1529
1529
1531
1532
1533
1534
1535
1535
1536
1537
1537
1538
1539
1540
1542
1543
1543
1544
1544
1547
1548
1548
1548
1548
1551
1551
1551
1551
1551
1552
1553
1554
1555
1555
1557
1558
1558
1559
1559
1559
1561
1561
1562
1562
1563
1564
1564
1565
1567
1567
1567
1568
1568
1568
1568
1570
1571
1572
1573
1574
1575
1575
1576
1577
1577
1577
1579
1580
1580
1584
1587
1588
1589
1589
1590
1592
1592
1593
1593
1594
1595
1595
1596
1596
1597
1598
1598
1599
1600
1601
1602
1602
1603
1604
1604
1606
1608
1610
1613
1613
1613
1615
1615
1615
1615
1616
1617
1618
1618
1618
1619
1619
1621
1622
1622
1622
1625
1626
1626
1627
1629
1630
1633
1633
1634
1634
1634
1635
1636
1637
1637
1637
1637
1640
1642
1643
1644
1645
1645
1648
1654
1655
1655
1655
1656
1656
1658
1658
1660
1660
1661
1661
1663
1665
1666
1667
1668
1670
1671
1671
1676
1678
1681
1681
1682
1682
1682
1683
1683
1686
1686
1686
1687
1689
1691
1692
1694
1697
1697
1698
1698
1699
1699
1699
1702
1704
1706
1708
1708
1710
1711
1713
1713
1715
1719
1720
1721
1722
1725
1727
1728
1728
1728
1730
1732
1732
1733
1737
1737
1738
1739
1740
1740
1740
1741
1741
1742
1743
1746
1748
1750
1752
1754
1754
1754
1754
1755
1757
1762
1763
1763
1763
1765
1765
1767
1767
1767
1768
1769
1769
1770
1770
1771
1772
1773
1773
1774
1775
1777
1779
1779
1780
1782
1783
1786
1787
1788
1789
1789
1790
1792
1794
1795
1798
1798
1798
1799
1800
1800
1800
1800
1803
1803
1804
1804
1804
1805
1806
1807
1808
1810
1810
1811
1811
1813
1813
1813
1814
1815
1816
1817
1818
1819
1819
1819
1820
1820
1820
1821
1822
1823
1824
1825
1825
1825
1826
1827
1828
1829
1830
1830
1831
1831
1834
1835
1836
1836
1837
1838
1838
1839
1840
1843
1845
1846
1849
1850
1851
1851
1852
1854
1854
1859
1859
1860
1860
1861
1862
1862
1862
1864
1866
1867
1869
1869
1874
1875
1875
1875
1875
1877
1879
1881
1881
1882
1884
1887
1888
1889
1891
1895
1896
1898
1898
1900
1900
1902
1906
1906
1906
1907
1910
1910
1911
1911
1912
1912
1912
1914
1915
1916
1917
1917
1918
1919
1919
1919
1920
1921
1922
1923
1925
1926
1927
1928
1929
1930
1932
1934
1939
1940
1941
1944
1944
1944
1944
1946
1948
1948
1950
1950
1951
1953
1955
1955
1956
1957
1958
1959
1959
1959
1959
1960
1960
1961
1962
1963
1963
1965
1966
1967
1968
1968
1970
1972
1974
1975
1976
1976
1978
1980
1981
1981
1983
1987
1987
1990
1990
1990
1992
1992
1992
1993
1994
1994
1995
1995
1996
1996
1997
1999
1999
2001
2001
2003
2007
2007
2007
2007
2008
2009
2013
2014
2017
2018
2018
2018
2021
2022
2022
2026
2026
2028
2028
2028
2029
2035
2035
2035
2038
2043
2044
2044
2045
2049
2052
2053
2053
2053
2054
2055
2056
2058
2060
2061
2061
2061
2063
2063
2063
2064
2064
2065
2065
2070
2071
2071
2073
2075
2075
2077
2078
2083
2085
2087
2092
2092
2093
2093
2095
2097
2098
2098
2099
2099
2099
2101
2102
2102
2103
2104
2104
2107
2107
2108
2109
2109
2110
2111
2111
2112
2113
2115
2115
2115
2115
2116
2117
2117
2118
2118
2119
2120
2120
2121
2122
2123
2125
2125
2126
2126
2129
2130
2131
2131
2131
2133
2135
2136
2137
2137
2138
2140
2143
2143
2144
2145
2146
2147
2148
2149
2149
2150
2150
2151
2151
2152
2152
2152
2160
2160
2163
2164
2166
2166
2167
2169
2169
2169
2170
2171
2172
2173
2173
2174
2175
2175
2176
2179
2181
2181
2181
2182
2184
2184
2185
2186
2186
2186
2186
2187
2189
2189
2190
2190
2190
2191
2191
2194
2194
2196
2196
2197
2198
2198
2198
2202
2204
2206
2206
2209
2210
2212
2212
2213
2214
2215
2216
2216
2217
2219
2220
2220
2221
2222
2223
2225
2225
2225
2226
2226
2226
2226
2226
2227
2230
2230
2233
2234
2235
2235
2237
2237
2238
2240
2240
2241
2242
2242
2245
2248
2248
2249
2249
2250
2251
2252
2256
2257
2258
2259
2260
2260
2260
2265
2266
2268
2268
2269
2269
2270
2270
2271
2271
2272
2274
2274
2276
2277
2284
2284
2284
2284
2286
2286
2288
2289
2290
2292
2294
2295
2296
2298
2298
2300
2300
2300
2304
2305
2305
2305
2306
2306
2307
2308
2308
2309
2310
2312
2312
2312
2313
2313
2317
2317
2317
2317
2318
2319
2319
2319
2322
2323
2323
2323
2324
2324
2326
2329
2330
2330
2331
2332
2332
2332
2332
2333
2335
2335
2335
2337
2338
2338
2340
2341
2341
2342
2345
2345
2346
2346
2349
2354
2355
2356
2356
2359
2361
2362
2363
2364
2365
2366
2368
2368
2369
2370
2372
2373
2373
2373
2374
2377
2379
2380
2381
2381
2381
2381
2381
2382
2382
2384
2386
2391
2392
2392
2392
2394
2394
2396
2397
2398
2399
2399
2400
2400
2401
2402
2405
2406
2408
2409
2409
2410
2411
2415
2416
2416
2417
2417
2418
2418
2421
2421
2422
2422
2423
2424
2426
2429
2429
2429
2431
2433
2433
2433
2433
2434
2438
2438
2439
2439
2440
2440
2442
2443
2443
2444
2444
2444
2445
2446
2447
2447
2448
2448
2448
2449
2449
2450
2450
2452
2453
2453
2454
2456
2456
2456
2456
2458
2459
2459
2460
2461
2462
2462
2463
2463
2464
2464
2465
2465
2466
2466
2467
2469
2470
2473
2474
2477
2478
2478
2479
2481
2482
2484
2484
2485
2485
2487
2489
2491
2493
2493
2493
2494
2494
2495
2496
2497
2497
2498
2498
2500
2500
2500
2502
2504
2505
2506
2509
2510
2511
2512
2512
2515
2515
2516
2517
2517
2519
2519
2521
2524
2524
2525
2525
2525
2526
2526
2527
2529
2529
2529
2529
2530
2530
2531
2532
2532
2533
2533
2534
2535
2535
2535
2535
2535
2541
2542
2543
2543
2545
2545
2546
2547
2548
2549
2550
2551
2551
2554
2554
2556
2562
2564
2566
2566
2569
2570
2570
2571
2571
2571
2572
2572
2573
2574
2577
2582
2583
2584
2584
2586
2586
2587
2588
2591
2591
2591
2591
2593
2593
2595
2596
2596
2597
2600
2601
2602
2602
2603
2605
2605
2606
2607
2607
2607
2608
2609
2610
2611
2612
2614
2614
2615
2617
2617
2618
2621
2621
2621
2621
2623
2623
2625
2627
2627
2628
2630
2633
2634
2635
2635
2636
2637
2638
2638
2641
2641
2641
2642
2645
2646
2648
2650
2651
2651
2651
2652
2652
2653
2655
2656
2657
2659
2659
2660
2660
2663
2663
2667
2668
2670
2672
2673
2673
2674
2675
2678
2679
2681
2683
2684
2685
2685
2686
2687
2687
2688
2691
2691
2693
2694
2696
2696
2696
2697
2698
2698
2699
2699
2699
2701
2701
2703
2703
2704
2705
2706
2708
2709
2709
2712
2713
2713
2714
2714
2717
2720
2721
2722
2723
2725
2727
2729
2730
2735
2735
2737
2737
2738
2739
2739
2739
2740
2740
2742
2742
2744
2744
2746
2746
2748
2748
2749
2750
2751
2756
2756
2757
2757
2758
2758
2759
2760
2761
2764
2765
2766
2767
2768
2773
2773
2773
2774
2774
2775
2776
2778
2778
2781
2781
2781
2783
2783
2784
2784
2784
2785
2785
2786
2786
2788
2789
2789
2789
2790
2790
2791
2793
2793
2794
2794
2797
2797
2797
2798
2799
2803
2805
2805
2805
2805
2806
2806
2806
2807
2810
2810
2813
2814
2814
2815
2817
2818
2819
2819
2820
2820
2821
2821
2821
2822
2822
2823
2824
2824
2825
2828
2828
2829
2833
2834
2839
2840
2841
2844
2844
2847
2848
2849
2849
2849
2852
2854
2854
2854
2854
2856
2856
2857
2858
2860
2861
2861
2862
2864
2864
2866
2867
2867
2868
2869
2871
2873
2874
2877
2880
2880
2881
2882
2883
2884
2884
2885
2885
2885
2885
2887
2888
2889
2889
2891
2891
2892
2894
2896
2897
2897
2897
2898
2898
2898
2899
2900
2900
2902
2902
2902
2902
2904
2905
2906
2909
2911
2911
2911
2912
2912
2912
2913
2913
2915
2917
2917
2918
2921
2922
2922
2922
2923
2923
2924
2925
2925
2926
2928
2930
2930
2933
2934
2935
2935
2937
2937
2938
2938
2940
2941
2942
2944
2944
2945
2946
2947
2947
2950
2951
2952
2953
2953
2955
2956
2956
2956
2958
2958
2960
2960
2961
2964
2964
2966
2968
2969
2969
2970
2972
2975
2975
2976
2977
2979
2980
2981
2983
2983
2987
2988
2988
2989
2990
2990
2990
2991
2991
2991
2994
2995
2995
2995
2996
2996
2998
2999
2999
2999
3000
3000
3000
3001
3002
3004
3004
3008
3009
3009
3010
3011
3011
3011
3011
3013
3013
3014
3014
3016
3017
3017
3017
3018
3019
3020
3027
3028
3029
3030
3031
3031
3033
3034
3038
3039
3039
3041
3041
3044
3045
3047
3047
3049
3050
3051
3053
3053
3055
3055
3055
3056
3058
3058
3059
3061
3062
3063
3064
3066
3066
3067
3068
3068
3068
3069
3069
3072
3072
3073
3074
3077
3077
3078
3078
3079
3079
3079
3080
3081
3081
3087
3089
3090
3090
3090
3091
3091
3091
3092
3092
3093
3093
3093
3095
3097
3097
3098
3100
3100
3103
3103
3103
3105
3106
3107
3109
3109
3109
3110
3112
3113
3113
3115
3116
3116
3117
3118
3121
3122
3122
3126
3128
3129
3129
3132
3133
3134
3136
3136
3136
3137
3139
3139
3142
3143
3145
3146
3149
3152
3153
3155
3155
3156
3156
3156
3157
3157
3157
3158
3159
3159
3160
3161
3161
3161
3162
3162
3165
3166
3166
3166
3167
3167
3168
3168
3168
3169
3171
3171
3171
3172
3174
3177
3178
3178
3178
3178
3179
3180
3180
3184
3185
3185
3186
3187
3188
3188
3189
3189
3189
3191
3192
3192
3194
3197
3198
3198
3199
3200
3201
3201
3204
3205
3205
3205
3206
3207
3207
3210
3211
3211
3213
3215
3215
3216
3216
3217
3218
3218
3218
3221
3221
3221
3225
3226
3230
3231
3232
3233
3234
3234
3236
3236
3237
3237
3237
3239
3239
3239
3240
3241
3241
3244
3244
3246
3247
3247
3247
3247
3248
3249
3249
3249
3249
3250
3252
3256
3257
3257
3258
3259
3260
3261
3261
3262
3262
3262
3264
3265
3266
3266
3267
3271
3272
3274
3275
3276
3277
3280
3280
3283
3284
3285
3285
3286
3286
3288
3289
3289
3289
3290
3291
3292
3294
3297
3298
3299
3300
3301
3302
3302
3306
3306
3307
3308
3309
3311
3312
3312
3313
3314
3317
3320
3321
3321
3322
3323
3324
3324
3324
3325
3325
3325
3326
3326
3327
3327
3328
3328
3329
3330
3332
3332
3334
3335
3335
3337
3337
3339
3339
3341
3341
3341
3343
3344
3345
3348
3349
3351
3351
3353
3354
3354
3354
3356
3357
3359
3359
3359
3359
3359
3361
3361
3362
3363
3366
3368
3368
3368
3369
3370
3371
3372
3373
3376
3376
3376
3377
3382
3385
3385
3386
3386
3386
3387
3388
3388
3388
3392
3392
3394
3394
3396
3396
3397
3397
3399
3400
3401
3406
3406
3407
3407
3409
3410
3412
3414
3414
3414
3417
3420
3421
3421
3422
3423
3424
3424
3426
3426
3427
3428
3430
3431
3431
3431
3431
3432
3432
3434
3434
3436
3436
3436
3437
3438
3439
3440
3441
3442
3442
3442
3443
3445
3445
3445
3447
3448
3451
3455
3459
3459
3462
3462
3462
3462
3463
3464
3466
3466
3466
3466
3467
3468
3469
3469
3469
3469
3472
3472
3472
3473
3473
3473
3474
3477
3477
3477
3481
3481
3481
3482
3483
3483
3484
3484
3484
3485
3485
3486
3489
3490
3492
3493
3497
3497
3498
3498
3499
3499
3499
3500
3501
3501
3501
3502
3503
3504
3504
3505
3506
3507
3508
3508
3508
3510
3511
3511
3512
3516
3516
3519
3519
3523
3523
3523
3523
3525
3525
3525
3526
3526
3527
3527
3530
3530
3531
3534
3534
3534
3535
3535
3536
3537
3537
3537
3538
3539
3543
3543
3546
3546
3546
3547
3550
3550
3551
3552
3557
3559
3560
3561
3562
3562
3562
3564
3566
3568
3569
3570
3571
3571
3572
3573
3573
3573
3575
3576
3576
3577
3577
3580
3581
3581
3581
3584
3585
3585
3588
3589
3589
3590
3591
3592
3592
3594
3594
3595
3598
3599
3600
3601
3604
3608
3608
3610
3610
3613
3613
3614
3615
3616
3617
3617
3619
3619
3620
3621
3621
3621
3626
3626
3627
3628
3629
3629
3632
3633
3633
3634
3635
3635
3636
3637
3638
3638
3638
3640
3641
3641
3641
3642
3643
3643
3643
3643
3645
3646
3647
3650
3650
3650
3651
3654
3655
3656
3656
3657
3658
3658
3659
3660
3661
3663
3663
3663
3663
3664
3664
3664
3665
3666
3668
3670
3672
3672
3672
3673
3673
3674
3674
3676
3677
3677
3678
3678
3679
3680
3681
3681
3681
3686
3686
3686
3686
3687
3688
3688
3689
3691
3691
3693
3693
3695
3696
3699
3700
3700
3702
3702
3705
3705
3706
3708
3708
3709
3710
3710
3710
3711
3712
3714
3714
3715
3715
3716
3717
3717
3722
3722
3723
3723
3724
3724
3725
3726
3729
3729
3730
3731
3733
3734
3734
3734
3735
3735
3736
3737
3738
3740
3740
3742
3743
3745
3746
3747
3748
3749
3751
3752
3752
3753
3754
3756
3756
3756
3757
3761
3762
3763
3763
3764
3764
3764
3766
3767
3767
3768
3768
3768
3768
3770
3771
3771
3771
3772
3772
3773
3774
3777
3777
3779
3780
3780
3781
3785
3787
3787
3790
3792
3792
3793
3794
3795
3797
3798
3800
3801
3801
3802
3802
3805
3805
3805
3806
3807
3807
3808
3809
3810
3811
3814
3816
3818
3819
3821
3824
3825
3827
3827
3828
3830
3830
3832
3834
3834
3834
3835
3838
3840
3841
3842
3844
3844
3845
3845
3846
3847
3848
3849
3849
3849
3850
3851
3852
3853
3853
3853
3854
3855
3855
3856
3856
3857
3859
3861
3861
3862
3867
3869
3872
3876
3879
3879
3880
3880
3882
3883
3885
3889
3890
3891
3892
3892
3893
3893
3893
3895
3898
3899
3900
3900
3902
3902
3903
3903
3904
3904
3906
3906
3907
3907
3907
3907
3907
3911
3912
3913
3914
3915
3916
3917
3917
3918
3918
3919
3919
3920
3922
3922
3922
3925
3927
3928
3930
3930
3931
3931
3932
3932
3934
3935
3937
3939
3940
3941
3941
3942
3943
3945
3946
3946
3947
3950
3950
3950
3950
3951
3952
3952
3952
3952
3953
3953
3954
3954
3955
3956
3957
3957
3958
3959
3959
3960
3960
3962
3966
3966
3969
3972
3973
3974
3975
3975
3977
3978
3980
3981
3981
3981
3981
3982
3983
3985
3986
3988
3990
3990
3991
3991
3992
3992
3993
3995
3996
3996
3998
3998
3998
4000
4000
4001
4001
4001
4002
4003
4003
4006
4006
4010
4015
4015
4015
4016
4016
4017
4017
4020
4020
4021
4022
4025
4026
4027
4028
4029
4031
4031
4033
4033
4033
4037
4037
4038
4038
4039
4040
4041
4042
4043
4043
4044
4044
4044
4045
4046
4046
4046
4046
4046
4046
4047
4047
4049
4049
4052
4052
4055
4057
4058
4059
4060
4060
4061
4061
4062
4063
4064
4065
4068
4069
4071
4071
4071
4072
4072
4073
4073
4074
4075
4076
4078
4078
4080
4081
4081
4081
4082
4082
4083
4084
4085
4085
4086
4087
4089
4090
4091
4097
4098
4098
4100
4100
4101
4104
4105
4106
4106
4107
4110
4111
4113
4114
4115
4118
4119
4120
4121
4121
4122
4122
4123
4123
4124
4124
4124
4125
4127
4128
4129
4129
4130
4130
4130
4131
4132
4133
4136
4136
4138
4138
4139
4140
4140
4142
4144
4145
4146
4148
4150
4150
4151
4152
4153
4155
4155
4155
4155
4155
4156
4157
4159
4160
4160
4160
4160
4161
4164
4164
4166
4167
4168
4168
4168
4170
4172
4173
4174
4175
4175
4178
4178
4181
4181
4183
4184
4184
4186
4187
4189
4189
4189
4189
4191
4191
4192
4193
4193
4194
4195
4196
4197
4197
4200
4201
4203
4203
4204
4204
4204
4204
4205
4205
4205
4208
4209
4210
4211
4211
4212
4213
4217
4217
4217
4218
4218
4218
4219
4219
4221
4225
4226
4228
4228
4229
4229
4229
4232
4235
4236
4239
4239
4240
4244
4244
4244
4244
4245
4245
4245
4247
4249
4249
4251
4252
4253
4254
4255
4256
4257
4258
4258
4259
4260
4261
4261
4262
4264
4264
4265
4268
4270
4274
4277
4277
4279
4282
4284
4286
4286
4287
4288
4288
4290
4291
4293
4295
4295
4295
4297
4299
4300
4302
4305
4306
4306
4308
4309
4309
4313
4313
4314
4314
4315
4315
4315
4315
4315
4316
4316
4316
4318
4320
4323
4323
4323
4323
4324
4324
4326
4328
4329
4330
4332
4336
4337
4340
4341
4342
4342
4342
4343
4344
4344
4347
4347
4349
4350
4351
4352
4353
4354
4354
4355
4356
4357
4357
4359
4360
4361
4362
4362
4363
4363
4363
4364
4365
4365
4369
4369
4371
4372
4372
4374
4374
4376
4376
4378
4378
4383
4386
4387
4390
4391
4392
4394
4396
4399
4400
4403
4403
4403
4405
4405
4405
4406
4407
4408
4409
4410
4411
4411
4413
4413
4413
4414
4416
4417
4418
4418
4418
4418
4419
4420
4420
4421
4421
4424
4426
4427
4428
4428
4430
4431
4431
4433
4436
4436
4438
4438
4439
4440
4440
4441
4444
4445
4446
4447
4448
4449
4449
4449
4452
4452
4453
4453
4454
4454
4458
4458
4458
4459
4459
4459
4459
4460
4460
4462
4462
4463
4464
4465
4467
4469
4470
4471
4473
4473
4475
4475
4475
4476
4477
4477
4478
4478
4479
4479
4480
4480
4482
4484
4489
4496
4498
4498
4499
4502
4502
4503
4503
4506
4507
4507
4507
4508
4509
4511
4512
4512
4512
4512
4514
4516
4516
4519
4521
4521
4521
4524
4525
4525
4526
4527
4528
4530
4530
4530
4532
4533
4533
4534
4536
4537
4539
4539
4539
4539
4540
4541
4541
4543
4543
4544
4545
4546
4546
4547
4547
4548
4549
4550
4550
4551
4552
4553
4554
4554
4556
4556
4556
4557
4557
4558
4560
4561
4564
4565
4566
4567
4569
4570
4572
4573
4575
4575
4576
4580
4581
4583
4583
4583
4583
4585
4585
4587
4588
4588
4590
4591
4593
4593
4593
4594
4595
4595
4596
4599
4601
4604
4605
4605
4608
4608
4609
4609
4611
4612
4612
4613
4614
4616
4616
4617
4618
4618
4619
4619
4619
4619
4619
4620
4620
4621
4621
4621
4623
4623
4624
4626
4626
4627
4628
4629
4629
4632
4633
4636
4637
4638
4639
4639
4640
4641
4642
4643
4645
4645
4647
4648
4648
4649
4651
4651
4652
4653
4654
4655
4655
4655
4655
4656
4656
4657
4657
4659
4659
4659
4663
4664
4664
4667
4668
4668
4669
4670
4671
4671
4672
4672
4674
4674
4674
4674
4676
4676
4676
4677
4681
4682
4682
4684
4686
4687
4687
4688
4689
4690
4690
4691
4692
4693
4694
4695
4695
4699
4704
4704
4704
4706
4707
4708
4709
4711
4712
4712
4714
4718
4719
4719
4720
4721
4722
4722
4723
4725
4726
4728
4728
4728
4729
4729
4730
4731
4733
4734
4734
4734
4736
4736
4737
4737
4738
4738
4740
4741
4743
4744
4744
4744
4745
4747
4747
4752
4753
4756
4757
4758
4759
4759
4760
4761
4761
4763
4764
4769
4772
4774
4777
4778
4779
4780
4780
4781
4782
4782
4782
4783
4784
4788
4788
4788
4788
4790
4790
4791
4792
4793
4794
4795
4795
4795
4796
4796
4799
4801
4801
4801
4802
4802
4802
4803
4803
4804
4805
4808
4808
4810
4810
4810
4810
4812
4812
4812
4814
4817
4817
4818
4821
4823
4824
4826
4826
4827
4827
4829
4832
4832
4834
4834
4835
4835
4835
4836
4838
4838
4839
4839
4839
4840
4840
4842
4842
4843
4845
4846
4847
4848
4850
4850
4851
4852
4852
4855
4855
4859
4860
4861
4865
4867
4867
4870
4871
4875
4875
4876
4877
4878
4878
4878
4879
4879
4880
4880
4881
4881
4882
4883
4883
4885
4886
4887
4890
4891
4891
4891
4892
4893
4894
4894
4895
4895
4896
4896
4900
4901
4904
4905
4907
4907
4909
4910
4911
4911
4912
4913
4914
4914
4915
4915
4919
4920
4920
4921
4923
4923
4923
4925
4925
4927
4928
4928
4929
4929
4930
4930
4930
4932
4933
4933
4935
4936
4939
4939
4939
4943
4943
4945
4947
4948
4948
4948
4950
4951
4951
4952
4953
4953
4955
4957
4957
4958
4960
4961
4962
4962
4963
4964
4964
4966
4967
4968
4969
4969
4972
4972
4973
4975
4977
4978
4978
4982
4982
4982
4983
4984
4986
4990
4992
4992
4993
4994
4994
4994
4995
4995
4996
4997
4998
4998
4998
4999
5001
5001
5003
5004
5006
5007
5007
5007
5009
5009
5012
5013
5013
5013
5013
5014
5016
5016
5017
5017
5018
5019
5019
5019
5022
5023
5024
5024
5025
5027
5027
5027
5028
5030
5031
5032
5036
5037
5038
5039
5039
5039
5040
5041
5041
5042
5042
5044
5045
5047
5048
5050
5050
5051
5051
5052
5052
5052
5053
5053
5053
5055
5056
5059
5059
5061
5061
5062
5064
5065
5066
5068
5068
5070
5071
5072
5073
5076
5076
5077
5077
5078
5078
5078
5079
5080
5082
5082
5084
5085
5086
5086
5088
5089
5091
5091
5091
5092
5093
5094
5097
5098
5098
5098
5098
5099
5100
5102
5103
5104
5106
5107
5107
5108
5109
5109
5110
5111
5113
5114
5114
5114
5114
5115
5117
5119
5120
5121
5121
5122
5122
5123
5126
5126
5129
5130
5133
5133
5137
5140
5143
5144
5145
5145
5146
5146
5146
5146
5146
5147
5147
5147
5149
5149
5149
5151
5151
5155
5155
5156
5157
5158
5159
5160
5160
5160
5161
5161
5161
5162
5164
5164
5164
5165
5165
5166
5167
5168
5171
5173
5173
5173
5174
5174
5175
5175
5176
5176
5177
5181
5181
5181
5183
5184
5184
5185
5186
5187
5187
5188
5188
5189
5190
5191
5191
5192
5192
5192
5193
5193
5194
5195
5196
5196
5196
5197
5197
5198
5199
5199
5200
5200
5201
5202
5203
5205
5205
5205
5205
5205
5205
5207
5208
5211
5212
5212
5213
5214
5214
5215
5216
5216
5216
5217
5217
5217
5218
5220
5221
5221
5222
5222
5224
5225
5225
5227
5227
5228
5230
5231
5231
5232
5235
5235
5237
5237
5239
5240
5240
5241
5245
5245
5246
5246
5248
5249
5256
5257
5257
5258
5258
5259
5259
5259
5260
5261
5261
5261
5261
5264
5264
5265
5266
5267
5267
5267
5272
5273
5274
5277
5277
5278
5280
5280
5280
5281
5281
5281
5283
5285
5287
5287
5287
5288
5288
5290
5290
5291
5292
5293
5293
5294
5296
5297
5298
5299
5299
5301
5305
5306
5307
5307
5307
5308
5309
5310
5311
5311
5313
5314
5315
5315
5316
5316
5317
5319
5322
5323
5324
5325
5325
5326
5329
5331
5331
5332
5333
5338
5339
5339
5340
5341
5341
5342
5343
5343
5343
5344
5344
5344
5346
5346
5347
5347
5347
5348
5349
5349
5349
5350
5350
5350
5352
5352
5355
5358
5358
5359
5361
5362
5363
5363
5364
5365
5366
5367
5369
5369
5369
5370
5373
5375
5377
5378
5378
5379
5379
5381
5381
5382
5383
5384
5384
5385
5386
5387
5388
5388
5388
5389
5390
5390
5391
5391
5392
5392
5392
5392
5393
5394
5396
5396
5397
5398
5400
5402
5402
5403
5404
5404
5405
5405
5408
5408
5408
5409
5412
5413
5414
5414
5415
5416
5416
5417
5417
5417
5418
5418
5420
5420
5421
5421
5423
5425
5426
5428
5429
5429
5429
5430
5431
5433
5434
5435
5436
5436
5436
5438
5438
5438
5439
5440
5441
5442
5443
5445
5445
5445
5445
5447
5447
5447
5448
5450
5451
5452
5453
5453
5453
5457
5458
5460
5461
5461
5461
5462
5462
5462
5464
5465
5467
5468
5469
5470
5471
5473
5473
5474
5476
5478
5478
5478
5479
5486
5487
5488
5489
5489
5490
5491
5492
5493
5495
5498
5499
5500
5500
5501
5501
5503
5503
5508
5510
5512
5512
5512
5517
5517
5519
5519
5520
5520
5520
5522
5523
5525
5525
5525
5529
5530
5530
5532
5536
5536
5536
5539
5540
5540
5542
5543
5543
5544
5545
5549
5551
5551
5552
5552
5553
5553
5555
5555
5558
5558
5559
5560
5560
5561
5563
5563
5565
5565
5566
5566
5567
5567
5568
5569
5572
5575
5577
5578
5578
5578
5579
5579
5579
5581
5581
5583
5583
5584
5585
5585
5585
5586
5587
5587
5588
5588
5588
5589
5590
5590
5590
5591
5591
5592
5595
5597
5597
5599
5599
5599
5599
5600
5601
5602
5603
5604
5604
5605
5606
5607
5608
5609
5610
5611
5613
5613
5614
5615
5615
5616
5616
5617
5618
5619
5621
5622
5622
5623
5624
5624
5625
5626
5630
5630
5631
5633
5633
5635
5635
5636
5636
5637
5637
5638
5638
5638
5639
5640
5642
5643
5645
5647
5649
5650
5651
5651
5651
5652
5654
5654
5655
5656
5658
5658
5660
5660
5662
5662
5664
5664
5665
5665
5666
5666
5667
5667
5668
5669
5669
5669
5669
5669
5671
5672
5672
5672
5673
5674
5675
5675
5677
5677
5677
5678
5679
5679
5681
5682
5682
5683
5684
5685
5685
5685
5686
5688
5689
5693
5694
5694
5696
5702
5703
5704
5704
5706
5706
5708
5709
5709
5709
5712
5712
5714
5715
5715
5718
5720
5721
5721
5721
5722
5722
5722
5722
5722
5723
5724
5727
5727
5728
5728
5733
5735
5735
5736
5736
5736
5737
5737
5738
5738
5738
5738
5740
5741
5742
5744
5744
5745
5745
5745
5745
5746
5746
5747
5747
5748
5750
5750
5751
5752
5753
5756
5757
5757
5757
5757
5757
5758
5758
5758
5761
5762
5763
5763
5763
5765
5767
5768
5768
5769
5771
5774
5774
5774
5775
5777
5777
5779
5782
5783
5783
5785
5785
5788
5788
5789
5790
5790
5791
5791
5791
5791
5796
5796
5796
5799
5799
5800
5800
5805
5805
5806
5808
5808
5809
5810
5811
5812
5812
5813
5813
5813
5814
5815
5816
5817
5817
5818
5823
5823
5824
5824
5825
5825
5826
5826
5827
5827
5827
5828
5829
5831
5834
5836
5837
5839
5840
5840
5842
5843
5843
5844
5845
5845
5846
5846
5847
5848
5848
5850
5851
5851
5851
5851
5852
5853
5856
5856
5859
5862
5863
5864
5867
5867
5867
5868
5869
5869
5870
5871
5871
5872
5872
5872
5872
5873
5873
5874
5875
5875
5876
5877
5877
5880
5882
5883
5885
5886
5888
5888
5890
5893
5894
5896
5896
5897
5897
5903
5904
5905
5905
5905
5906
5909
5909
5910
5911
5912
5913
5914
5915
5915
5916
5916
5916
5916
5917
5917
5919
5920
5923
5923
5924
5924
5925
5926
5926
5929
5930
5930
5931
5931
5931
5933
5933
5933
5934
5942
5943
5944
5947
5947
5949
5950
5951
5951
5953
5953
5955
5956
5957
5958
5959
5963
5964
5965
5966
5966
5967
5968
5968
5968
5969
5969
5969
5972
5973
5974
5976
5982
5984
5985
5985
5988
5994
5995
5995
5996
5999
6000
6004
6004
6005
6006
6007
6008
6009
6010
6011
6012
6013
6013
6017
6018
6018
6021
6024
6024
6024
6024
6025
6025
6031
6031
6036
6039
6039
6039
6040
6043
6043
6045
6046
6047
6048
6049
6050
6051
6051
6052
6052
6052
6053
6054
6055
6057
6057
6057
6058
6058
6060
6061
6062
6062
6066
6068
6068
6069
6069
6071
6072
6072
6075
6077
6077
6078
6080
6081
6081
6082
6084
6084
6085
6085
6085
6085
6086
6088
6089
6089
6090
6091
6092
6094
6094
6096
6097
6098
6099
6100
6101
6102
6103
6104
6104
6104
6104
6105
6105
6105
6105
6106
6106
6106
6106
6107
6108
6108
6111
6112
6112
6113
6113
6114
6116
6117
6117
6118
6118
6120
6120
6120
6122
6122
6125
6125
6130
6132
6135
6135
6136
6136
6136
6136
6137
6138
6138
6139
6139
6140
6141
6143
6143
6143
6144
6145
6145
6146
6147
6147
6147
6147
6152
6153
6153
6157
6157
6157
6158
6159
6159
6161
6164
6166
6166
6167
6168
6168
6172
6174
6174
6175
6175
6177
6179
6180
6181
6181
6183
6184
6185
6186
6191
6192
6193
6193
6194
6195
6196
6197
6199
6199
6201
6201
6203
6203
6204
6205
6205
6208
6209
6211
6211
6213
6213
6213
6217
6217
6218
6218
6218
6220
6222
6222
6223
6223
6225
6225
6227
6227
6229
6230
6230
6231
6231
6232
6232
6234
6234
6235
6236
6236
6237
6237
6237
6240
6241
6241
6242
6243
6244
6245
6246
6246
6248
6250
6250
6250
6250
6250
6251
6251
6253
6253
6254
6255
6256
6259
6261
6261
6262
6264
6264
6265
6268
6270
6272
6272
6273
6273
6274
6274
6275
6276
6276
6276
6277
6279
6280
6280
6280
6282
6283
6283
6283
6284
6285
6289
6290
6291
6292
6293
6293
6294
6295
6296
6297
6297
6297
6299
6299
6301
6303
6305
6305
6306
6307
6307
6307
6309
6310
6310
6311
6315
6316
6316
6316
6318
6319
6319
6320
6321
6321
6322
6323
6324
6324
6325
6327
6327
6328
6328
6330
6331
6331
6332
6334
6335
6337
6338
6339
6341
6342
6346
6347
6348
6350
6350
6351
6353
6355
6357
6358
6358
6359
6359
6360
6363
6364
6367
6368
6369
6370
6372
6372
6373
6373
6374
6374
6375
6375
6376
6377
6377
6377
6379
6379
6380
6384
6385
6385
6387
6387
6389
6389
6390
6391
6392
6394
6395
6395
6395
6396
6399
6400
6405
6406
6408
6409
6410
6410
6411
6413
6413
6413
6414
6414
6416
6417
6418
6418
6420
6421
6421
6422
6422
6423
6423
6424
6424
6424
6427
6427
6429
6429
6430
6430
6431
6431
6431
6431
6432
6433
6433
6434
6438
6439
6441
6441
6441
6441
6443
6443
6445
6445
6448
6449
6449
6450
6450
6451
6452
6452
6453
6453
6454
6454
6455
6455
6456
6456
6457
6457
6458
6460
6460
6460
6460
6461
6462
6462
6463
6463
6466
6467
6468
6469
6470
6472
6474
6475
6475
6476
6476
6477
6477
6480
6480
6481
6484
6485
6485
6487
6487
6488
6488
6488
6491
6492
6493
6493
6493
6496
6496
6497
6498
6498
6499
6500
6500
6503
6503
6504
6506
6506
6506
6507
6510
6510
6511
6511
6512
6512
6512
6513
6514
6515
6516
6516
6516
6517
6519
6519
6519
6520
6520
6520
6522
6523
6524
6524
6524
6525
6525
6526
6527
6527
6532
6532
6533
6535
6535
6536
6537
6538
6538
6539
6539
6541
6542
6543
6543
6545
6545
6546
6547
6548
6549
6550
6551
6552
6553
6554
6555
6556
6556
6561
6561
6561
6561
6563
6564
6564
6569
6569
6573
6577
6578
6578
6578
6578
6579
6579
6581
6581
6582
6582
6582
6583
6583
6584
6585
6587
6587
6588
6591
6594
6594
6601
6601
6602
6607
6608
6608
6609
6609
6610
6611
6611
6612
6613
6613
6614
6615
6618
6618
6620
6620
6620
6621
6623
6623
6623
6624
6625
6628
6629
6631
6632
6635
6635
6636
6636
6637
6639
6639
6640
6640
6640
6642
6642
6642
6643
6644
6644
6645
6647
6647
6647
6648
6648
6649
6650
6650
6651
6652
6653
6653
6653
6654
6654
6654
6655
6657
6657
6659
6661
6661
6664
6664
6665
6665
6668
6668
6668
6670
6671
6672
6674
6677
6678
6678
6678
6678
6680
6682
6682
6682
6682
6682
6685
6686
6689
6693
6693
6693
6694
6696
6696
6698
6698
6699
6701
6701
6702
6703
6703
6707
6707
6708
6709
6711
6711
6711
6711
6712
6713
6714
6716
6718
6720
6720
6725
6726
6726
6727
6728
6728
6730
6732
6732
6733
6734
6736
6737
6738
6740
6740
6740
6741
6741
6741
6742
6742
6743
6743
6748
6748
6750
6750
6751
6754
6756
6759
6760
6760
6761
6762
6762
6763
6765
6766
6768
6768
6769
6770
6770
6771
6774
6775
6775
6775
6776
6776
6777
6777
6778
6781
6781
6782
6784
6787
6788
6789
6789
6793
6794
6795
6796
6797
6800
6800
6802
6803
6806
6807
6808
6808
6808
6812
6813
6813
6814
6816
6816
6816
6817
6817
6818
6818
6819
6820
6823
6824
6825
6825
6827
6827
6830
6831
6831
6831
6834
6835
6835
6836
6838
6839
6839
6840
6840
6841
6842
6842
6845
6845
6846
6846
6846
6847
6850
6850
6851
6852
6854
6856
6857
6857
6857
6858
6859
6860
6861
6862
6863
6863
6864
6865
6865
6869
6870
6871
6871
6873
6873
6873
6873
6874
6875
6877
6877
6878
6879
6880
6882
6882
6883
6884
6884
6886
6887
6888
6893
6893
6893
6895
6895
6896
6897
6898
6899
6899
6899
6899
6901
6902
6902
6903
6904
6904
6905
6905
6905
6905
6906
6906
6907
6908
6908
6908
6910
6911
6911
6912
6912
6916
6919
6920
6920
6921
6921
6921
6921
6923
6925
6926
6926
6926
6926
6927
6928
6933
6934
6935
6935
6936
6936
6937
6939
6941
6941
6941
6942
6942
6947
6947
6947
6948
6949
6950
6951
6951
6951
6951
6952
6953
6954
6956
6957
6959
6960
6960
6961
6961
6964
6966
6966
6969
6971
6973
6973
6975
6976
6976
6976
6977
6978
6978
6978
6979
6980
6982
6982
6983
6984
6985
6986
6986
6986
6987
6987
6989
6990
6990
6990
6992
6995
6996
6997
6997
6998
6999
6999
6999
7002
7003
7004
7005
7006
7006
7008
7011
7011
7012
7012
7014
7015
7015
7016
7016
7017
7017
7019
7019
7019
7020
7020
7020
7021
7022
7022
7022
7024
7024
7025
7025
7026
7026
7027
7028
7029
7030
7031
7035
7036
7037
7038
7038
7040
7040
7041
7047
7047
7051
7051
7052
7053
7054
7056
7056
7060
7060
7061
7061
7062
7066
7067
7067
7067
7072
7073
7073
7073
7074
7075
7079
7079
7081
7083
7083
7083
7084
7085
7087
7089
7090
7091
7092
7092
7092
7092
7093
7093
7094
7095
7096
7096
7096
7097
7097
7098
7098
7099
7100
7100
7101
7102
7103
7106
7107
7108
7108
7108
7111
7111
7113
7117
7118
7119
7119
7119
7119
7121
7122
7122
7123
7124
7125
7125
7126
7127
7128
7128
7129
7130
7130
7130
7134
7134
7134
7135
7136
7138
7139
7140
7142
7142
7146
7146
7146
7147
7147
7147
7151
7152
7153
7155
7155
7155
7157
7159
7160
7164
7165
7165
7166
7167
7169
7170
7171
7172
7172
7173
7174
7174
7174
7174
7175
7176
7177
7177
7180
7182
7182
7183
7185
7185
7186
7186
7188
7189
7189
7191
7191
7191
7193
7193
7194
7194
7194
7194
7195
7195
7196
7197
7198
7199
7199
7200
7201
7202
7203
7203
7203
7203
7203
7205
7208
7208
7208
7208
7210
7210
7210
7211
7211
7212
7213
7214
7216
7216
7217
7220
7221
7221
7221
7222
7224
7224
7225
7226
7230
7230
7230
7230
7231
7231
7234
7234
7237
7238
7239
7243
7244
7244
7244
7245
7248
7250
7250
7250
7251
7253
7253
7255
7255
7258
7259
7261
7262
7263
7265
7265
7266
7266
7268
7270
7271
7271
7273
7275
7275
7275
7278
7280
7280
7281
7282
7282
7283
7283
7283
7285
7286
7286
7287
7289
7290
7291
7292
7294
7295
7295
7296
7296
7297
7298
7300
7305
7305
7308
7309
7310
7310
7311
7313
7315
7315
7316
7316
7317
7317
7318
7318
7318
7320
7322
7322
7323
7323
7324
7324
7326
7327
7327
7327
7329
7330
7331
7331
7333
7333
7334
7335
7336
7337
7337
7339
7339
7340
7340
7343
7345
7347
7348
7348
7350
7351
7351
7353
7353
7353
7354
7354
7356
7361
7362
7363
7363
7364
7364
7366
7368
7371
7372
7372
7372
7375
7376
7377
7378
7378
7379
7379
7380
7380
7381
7382
7382
7383
7384
7384
7385
7387
7388
7389
7389
7391
7393
7394
7394
7395
7396
7397
7397
7397
7399
7400
7401
7401
7401
7402
7403
7403
7403
7412
7414
7414
7414
7414
7415
7415
7416
7418
7421
7421
7421
7422
7424
7424
7427
7427
7427
7429
7429
7430
7432
7432
7433
7435
7436
7436
7436
7438
7440
7440
7440
7441
7442
7443
7444
7446
7446
7448
7449
7449
7449
7450
7452
7452
7453
7454
7455
7456
7456
7457
7459
7461
7462
7463
7465
7466
7467
7467
7468
7468
7470
7471
7472
7472
7475
7476
7477
7479
7482
7482
7484
7485
7485
7487
7487
7488
7488
7489
7490
7491
7491
7492
7494
7494
7495
7498
7499
7499
7501
7502
7502
7503
7504
7505
7506
7506
7509
7509
7509
7515
7517
7517
7517
7517
7518
7521
7523
7523
7524
7525
7527
7529
7530
7530
7530
7531
7532
7532
7533
7534
7534
7534
7538
7540
7540
7542
7544
7544
7545
7545
7546
7547
7549
7549
7549
7551
7551
7552
7556
7557
7557
7559
7559
7560
7560
7562
7563
7567
7567
7567
7568
7569
7569
7571
7571
7571
7571
7572
7573
7574
7574
7574
7575
7577
7578
7578
7578
7580
7580
7580
7581
7583
7583
7584
7588
7590
7591
7591
7593
7594
7595
7598
7599
7602
7602
7603
7605
7605
7608
7608
7609
7610
7610
7610
7614
7615
7617
7617
7618
7623
7624
7624
7625
7628
7629
7629
7631
7637
7641
7642
7643
7645
7645
7647
7648
7648
7649
7649
7650
7650
7650
7651
7652
7654
7654
7654
7654
7659
7661
7662
7663
7667
7667
7668
7669
7669
7670
7671
7672
7672
7672
7673
7674
7675
7675
7677
7677
7678
7679
7679
7679
7681
7681
7682
7682
7687
7688
7688
7688
7688
7690
7692
7694
7694
7696
7697
7701
7701
7703
7706
7707
7707
7708
7709
7710
7710
7710
7710
7711
7711
7712
7717
7718
7720
7720
7720
7720
7721
7724
7724
7725
7725
7726
7726
7727
7730
7731
7731
7733
7733
7736
7736
7737
7737
7739
7741
7744
7745
7748
7749
7751
7752
7754
7755
7757
7758
7759
7760
7761
7761
7762
7763
7763
7763
7764
7765
7766
7767
7767
7768
7768
7768
7770
7770
7771
7772
7773
7775
7776
7778
7780
7780
7781
7782
7783
7783
7787
7787
7787
7788
7789
7790
7791
7792
7793
7795
7796
7797
7797
7800
7800
7802
7802
7803
7804
7804
7805
7805
7806
7808
7809
7810
7811
7812
7812
7814
7815
7815
7816
7820
7821
7821
7822
7823
7824
7825
7827
7827
7828
7828
7828
7829
7831
7835
7836
7838
7838
7839
7847
7847
7848
7852
7854
7855
7855
7856
7858
7858
7859
7859
7859
7861
7862
7864
7866
7866
7868
7868
7868
7870
7872
7873
7874
7876
7877
7881
7883
7884
7884
7885
7886
7886
7886
7886
7886
7886
7887
7887
7888
7888
7890
7891
7892
7893
7896
7896
7899
7901
7901
7901
7903
7905
7905
7906
7907
7908
7910
7912
7913
7913
7913
7914
7914
7914
7915
7916
7919
7920
7921
7925
7925
7925
7926
7926
7928
7929
7929
7930
7930
7930
7931
7932
7933
7937
7938
7940
7940
7941
7942
7942
7943
7943
7945
7946
7946
7946
7947
7948
7950
7950
7950
7950
7952
7952
7954
7957
7958
7959
7962
7962
7963
7963
7963
7964
7966
7967
7967
7967
7972
7973
7973
7974
7974
7975
7976
7976
7977
7977
7977
7977
7978
7978
7979
7980
7981
7982
7982
7982
7983
7985
7985
7988
7988
7989
7989
7991
7992
7992
7993
7994
7994
7995
8003
8003
8003
8004
8004
8005
8005
8006
8009
8010
8010
8011
8013
8013
8013
8014
8016
8018
8018
8018
8019
8020
8023
8023
8023
8024
8024
8024
8027
8028
8029
8029
8031
8033
8033
8034
8036
8037
8037
8038
8038
8039
8039
8040
8040
8040
8040
8041
8041
8042
8043
8047
8047
8047
8048
8052
8052
8053
8054
8054
8054
8055
8055
8055
8056
8057
8057
8058
8058
8059
8061
8062
8062
8062
8063
8064
8065
8065
8067
8067
8068
8068
8069
8070
8071
8072
8072
8072
8075
8075
8077
8079
8080
8081
8083
8083
8084
8084
8085
8085
8085
8087
8087
8088
8088
8089
8090
8091
8091
8093
8093
8094
8094
8095
8096
8097
8098
8098
8101
8102
8102
8103
8104
8106
8108
8108
8110
8110
8111
8111
8115
8117
8118
8118
8118
8120
8121
8122
8123
8123
8124
8125
8126
8127
8129
8134
8136
8136
8136
8138
8138
8139
8140
8141
8142
8143
8144
8146
8147
8148
8148
8151
8153
8154
8154
8155
8156
8158
8160
8161
8162
8162
8163
8163
8163
8166
8167
8168
8169
8171
8174
8175
8177
8177
8177
8177
8177
8178
8179
8179
8181
8181
8183
8184
8184
8184
8185
8188
8188
8189
8189
8191
8191
8191
8192
8192
8192
8193
8194
8194
8194
8197
8197
8199
8202
8202
8202
8204
8207
8209
8209
8210
8210
8211
8213
8213
8214
8214
8214
8215
8218
8219
8220
8222
8222
8222
8223
8224
8225
8226
8228
8229
8229
8233
8236
8236
8236
8237
8243
8244
8244
8246
8247
8248
8249
8249
8249
8249
8252
8255
8256
8256
8260
8261
8263
8263
8264
8264
8266
8268
8268
8270
8270
8272
8273
8275
8276
8281
8283
8284
8285
8285
8286
8288
8288
8289
8290
8290
8290
8291
8292
8293
8295
8297
8300
8301
8305
8305
8305
8307
8307
8308
8309
8309
8310
8310
8311
8313
8313
8313
8313
8314
8315
8316
8316
8317
8317
8317
8317
8318
8319
8322
8323
8324
8327
8328
8329
8330
8330
8333
8333
8334
8334
8336
8338
8339
8342
8343
8343
8344
8345
8346
8347
8348
8349
8351
8353
8353
8353
8353
8353
8354
8357
8358
8358
8359
8359
8360
8360
8362
8363
8363
8364
8364
8368
8369
8370
8371
8372
8372
8372
8376
8377
8379
8380
8381
8381
8382
8383
8384
8384
8386
8388
8389
8389
8390
8390
8393
8398
8398
8400
8404
8404
8406
8407
8407
8407
8408
8408
8408
8408
8409
8411
8413
8414
8417
8421
8422
8422
8423
8424
8426
8426
8427
8429
8429
8430
8430
8430
8431
8433
8437
8438
8439
8439
8440
8440
8440
8441
8441
8441
8442
8443
8443
8444
8445
8446
8447
8447
8448
8448
8449
8449
8451
8451
8452
8452
8453
8453
8453
8455
8456
8457
8457
8457
8457
8461
8461
8462
8463
8463
8464
8464
8464
8464
8465
8467
8467
8469
8469
8470
8474
8475
8476
8481
8483
8484
8485
8485
8486
8486
8487
8487
8488
8489
8489
8489
8490
8490
8492
8493
8493
8493
8494
8496
8496
8498
8500
8501
8501
8504
8504
8506
8507
8507
8508
8509
8509
8509
8510
8513
8513
8515
8516
8517
8518
8518
8518
8519
8520
8520
8521
8521
8524
8524
8527
8527
8529
8530
8532
8532
8532
8533
8534
8534
8534
8534
8535
8535
8536
8536
8537
8539
8542
8542
8543
8544
8545
8545
8546
8546
8547
8549
8549
8551
8552
8552
8553
8554
8554
8558
8559
8560
8561
8561
8562
8565
8567
8567
8569
8569
8570
8574
8575
8576
8577
8577
8578
8578
8578
8579
8579
8582
8583
8583
8583
8584
8584
8585
8585
8585
8587
8587
8588
8589
8590
8590
8592
8594
8595
8595
8598
8599
8599
8601
8601
8604
8605
8605
8606
8606
8607
8607
8609
8609
8610
8614
8614
8615
8615
8616
8617
8618
8618
8619
8620
8621
8624
8624
8624
8624
8626
8628
8628
8628
8629
8629
8630
8632
8638
8639
8640
8641
8642
8642
8644
8646
8652
8653
8653
8654
8655
8659
8659
8659
8660
8661
8664
8665
8668
8671
8671
8671
8673
8674
8675
8675
8677
8677
8679
8680
8681
8682
8683
8683
8686
8688
8688
8688
8690
8692
8694
8694
8696
8698
8702
8704
8705
8706
8708
8713
8714
8714
8715
8718
8718
8718
8719
8719
8720
8723
8725
8726
8727
8728
8729
8730
8730
8732
8732
8734
8735
8735
8736
8736
8738
8739
8740
8743
8743
8744
8745
8748
8749
8749
8749
8749
8751
8752
8753
8755
8755
8756
8756
8757
8758
8760
8763
8763
8766
8767
8767
8768
8768
8768
8769
8769
8771
8773
8773
8774
8774
8776
8778
8778
8779
8779
8780
8780
8780
8781
8783
8786
8786
8786
8788
8788
8792
8793
8794
8795
8795
8795
8797
8798
8798
8800
8801
8803
8803
8803
8804
8805
8806
8806
8807
8807
8808
8809
8809
8813
8814
8816
8816
8818
8819
8819
8819
8819
8820
8820
8821
8822
8823
8823
8824
8824
8825
8825
8826
8826
8828
8828
8830
8830
8830
8831
8832
8833
8834
8838
8839
8840
8841
8841
8842
8842
8842
8843
8845
8845
8845
8845
8845
8846
8846
8847
8851
8851
8852
8853
8853
8854
8855
8855
8855
8856
8856
8858
8858
8859
8860
8861
8865
8867
8869
8869
8870
8870
8871
8872
8872
8873
8874
8876
8877
8878
8878
8879
8879
8882
8884
8885
8885
8887
8888
8889
8891
8892
8894
8895
8897
8897
8898
8898
8899
8900
8900
8900
8904
8905
8907
8908
8908
8908
8908
8909
8912
8914
8914
8914
8915
8917
8917
8918
8919
8922
8922
8922
8922
8923
8924
8924
8925
8927
8927
8927
8928
8928
8929
8931
8932
8933
8935
8935
8935
8936
8936
8936
8938
8938
8938
8940
8940
8940
8941
8942
8942
8942
8948
8948
8949
8950
8951
8953
8953
8953
8955
8959
8960
8960
8960
8961
8963
8963
8963
8964
8964
8966
8968
8969
8969
8970
8970
8970
8971
8971
8972
8972
8973
8974
8974
8975
8978
8980
8980
8980
8980
8981
8982
8983
8983
8983
8984
8984
8984
8985
8985
8986
8986
8988
8988
8989
8990
8990
8990
8990
8991
8992
8992
8993
8993
8993
8994
8995
8996
8997
8999
8999
8999
9000
9001
9002
9002
9004
9005
9010
9012
9013
9015
9016
9016
9016
9018
9020
9021
9022
9024
9024
9024
9025
9026
9027
9030
9030
9031
9033
9033
9034
9035
9037
9038
9038
9038
9039
9042
9042
9042
9042
9042
9043
9044
9045
9045
9045
9047
9047
9048
9048
9050
9050
9050
9052
9053
9056
9056
9057
9059
9060
9060
9062
9063
9065
9066
9067
9068
9070
9070
9070
9073
9075
9075
9075
9079
9080
9081
9081
9081
9081
9082
9082
9082
9083
9084
9084
9085
9085
9085
9087
9087
9087
9087
9087
9092
9092
9092
9093
9095
9095
9095
9100
9100
9101
9101
9102
9102
9102
9103
9103
9106
9106
9107
9107
9110
9111
9112
9116
9116
9116
9117
9120
9127
9128
9130
9131
9133
9134
9139
9139
9141
9141
9142
9145
9145
9147
9147
9149
9149
9149
9150
9151
9152
9154
9154
9155
9156
9156
9163
9165
9165
9167
9168
9169
9169
9170
9171
9173
9175
9176
9176
9178
9178
9179
9179
9179
9179
9180
9184
9184
9187
9187
9189
9190
9190
9190
9191
9192
9194
9194
9196
9196
9196
9198
9200
9201
9203
9204
9204
9205
9206
9207
9207
9208
9208
9210
9211
9212
9215
9217
9218
9218
9218
9219
9220
9220
9223
9223
9223
9224
9225
9225
9226
9226
9227
9227
9229
9231
9232
9234
9234
9235
9237
9238
9238
9239
9241
9243
9243
9243
9244
9244
9245
9249
9250
9251
9251
9251
9252
9253
9253
9254
9254
9255
9256
9256
9256
9257
9259
9259
9261
9262
9263
9263
9265
9267
9269
9270
9271
9274
9276
9277
9279
9280
9280
9281
9282
9283
9284
9285
9288
9291
9292
9294
9295
9296
9298
9298
9299
9299
9302
9303
9303
9303
9303
9306
9306
9307
9307
9308
9308
9309
9311
9312
9314
9315
9317
9317
9317
9318
9318
9319
9321
9322
9323
9323
9324
9325
9325
9326
9327
9329
9329
9329
9331
9332
9334
9334
9335
9336
9339
9340
9340
9340
9342
9345
9346
9347
9347
9348
9349
9350
9353
9355
9356
9357
9361
9362
9363
9364
9365
9365
9366
9367
9369
9370
9371
9374
9374
9374
9375
9376
9376
9378
9378
9379
9380
9380
9383
9385
9386
9386
9386
9388
9389
9389
9391
9391
9393
9394
9395
9395
9396
9397
9397
9397
9398
9400
9400
9400
9401
9402
9402
9402
9406
9409
9409
9409
9409
9411
9413
9414
9415
9417
9417
9420
9421
9422
9423
9423
9423
9424
9424
9424
9424
9425
9426
9427
9429
9429
9430
9430
9432
9432
9433
9434
9435
9436
9436
9436
9437
9438
9438
9439
9440
9441
9442
9442
9444
9448
9449
9450
9454
9454
9454
9456
9457
9458
9459
9460
9460
9460
9461
9462
9464
9465
9467
9469
9469
9470
9470
9471
9472
9472
9473
9474
9474
9475
9475
9481
9482
9483
9483
9485
9486
9486
9487
9487
9488
9488
9491
9492
9492
9494
9495
9495
9496
9497
9499
9501
9502
9503
9503
9504
9508
9508
9510
9510
9512
9513
9515
9515
9515
9516
9516
9517
9520
9520
9520
9521
9522
9523
9524
9524
9525
9530
9531
9532
9533
9534
9536
9536
9537
9537
9537
9537
9537
9538
9538
9539
9541
9542
9542
9543
9544
9545
9545
9548
9551
9551
9552
9555
9555
9557
9557
9558
9558
9560
9562
9565
9565
9568
9569
9570
9572
9574
9575
9577
9577
9577
9578
9579
9580
9580
9581
9582
9583
9583
9584
9586
9586
9591
9591
9591
9592
9593
9594
9594
9596
9597
9598
9598
9599
9600
9600
9602
9603
9604
9604
9604
9604
9605
9606
9607
9608
9609
9609
9610
9611
9612
9612
9613
9614
9614
9614
9615
9616
9616
9617
9617
9618
9618
9619
9620
9620
9623
9623
9625
9626
9629
9630
9630
9630
9632
9634
9639
9640
9640
9646
9646
9646
9646
9647
9647
9648
9648
9649
9651
9651
9651
9654
9654
9654
9655
9656
9656
9657
9659
9662
9662
9664
9664
9665
9666
9666
9666
9666
9669
9669
9670
9671
9673
9674
9676
9676
9677
9681
9682
9683
9685
9685
9686
9690
9691
9693
9694
9694
9694
9695
9695
9696
9696
9697
9698
9699
9701
9703
9704
9704
9704
9705
9705
9706
9707
9707
9707
9707
9708
9708
9709
9709
9709
9710
9710
9711
9712
9713
9714
9715
9717
9717
9717
9717
9717
9718
9719
9720
9726
9727
9728
9730
9731
9732
9732
9732
9733
9735
9735
9735
9736
9736
9737
9737
9737
9741
9743
9743
9745
9745
9746
9748
9748
9749
9749
9751
9752
9752
9752
9752
9752
9753
9753
9753
9753
9756
9760
9762
9762
9762
9763
9764
9766
9767
9768
9772
9773
9773
9774
9774
9774
9774
9774
9774
9776
9776
9776
9776
9776
9777
9778
9778
9778
9779
9783
9783
9784
9784
9785
9787
9787
9788
9790
9790
9793
9793
9795
9795
9797
9798
9799
9800
9800
9800
9801
9801
9802
9803
9805
9806
9807
9808
9811
9812
9812
9812
9813
9814
9814
9815
9816
9816
9818
9818
9818
9819
9819
9819
9819
9821
9821
9822
9824
9824
9825
9826
9826
9826
9826
9826
9828
9828
9828
9828
9829
9831
9831
9832
9835
9835
9835
9837
9841
9841
9844
9845
9846
9849
9849
9851
9851
9852
9852
9854
9858
9859
9859
9860
9862
9862
9862
9862
9863
9864
9866
9866
9866
9869
9869
9870
9871
9871
9872
9872
9876
9876
9877
9877
9879
9880
9881
9882
9884
9884
9885
9886
9888
9888
9890
9891
9892
9893
9894
9895
9896
9897
9898
9899
9899
9902
9903
9904
9905
9906
9907
9908
9909
9909
9912
9912
9912
9913
9914
9915
9917
9917
9919
9919
9919
9920
9922
9922
9924
9925
9925
9926
9927
9927
9927
9932
9932
9933
9934
9934
9935
9935
9936
9938
9939
9941
9942
9944
9944
9945
9947
9947
9949
9952
9953
9955
9957
9960
9960
9960
9961
9963
9964
9964
9967
9970
9971
9971
9971
9971
9972
9973
9973
9973
9973
9974
9974
9974
9977
9977
9978
9978
9979
9982
9983
9985
9985
9990
9991
9991
9992
9992
9994
9995
9996
9998
9998
9998
