10000
0
1
2
4
4
6
6
8
8
8
9
10
10
11
14
14
16
19
19
21
21
21
21
21
21
22
23
24
25
25
26
26
26
29
30
31
32
34
35
36
40
41
42
42
45
48
49
49
50
52
52
53
53
55
55
55
56
56
56
57
58
59
59
60
61
62
64
64
64
65
67
68
70
70
71
72
72
74
75
75
76
78
81
82
82
83
84
86
87
87
88
89
90
91
91
91
92
92
92
92
92
93
93
93
94
94
97
97
98
99
99
99
99
101
102
102
104
104
105
105
106
106
108
108
110
110
112
113
113
113
113
114
115
116
118
118
118
120
120
121
121
121
122
122
123
124
124
124
125
128
129
130
130
130
130
130
132
132
135
137
137
138
138
139
140
140
141
141
144
144
145
145
145
145
146
146
147
148
148
150
151
152
153
153
156
158
161
161
162
163
164
167
168
168
169
169
171
171
172
172
173
173
174
177
178
179
179
179
179
180
182
183
184
185
185
186
187
187
188
189
189
190
190
191
192
193
193
194
195
196
197
199
200
203
204
205
206
209
209
209
211
213
214
215
215
220
221
221
222
224
225
227
227
228
229
230
231
234
236
238
239
241
242
242
243
244
244
245
245
245
246
250
252
252
253
254
254
255
255
256
257
257
257
260
261
262
262
263
264
264
265
265
265
266
266
267
267
267
268
269
273
273
273
275
275
276
277
278
280
280
281
282
283
283
284
284
285
285
285
286
287
289
289
291
293
293
294
294
296
296
297
297
298
298
299
300
300
302
302
303
304
305
306
309
309
310
311
312
313
314
314
314
315
317
319
321
321
322
322
322
323
324
324
325
325
326
326
326
328
332
332
336
337
337
337
338
338
339
339
340
340
340
340
343
345
346
349
351
352
353
353
354
354
357
357
359
360
361
361
365
369
369
369
372
374
374
374
376
377
377
381
383
385
385
386
386
387
387
388
388
388
388
389
389
391
393
393
394
395
395
396
396
398
399
399
400
400
402
402
406
406
406
407
410
411
413
413
414
414
415
416
417
418
418
418
420
420
420
421
421
422
422
423
424
424
425
427
428
431
432
433
434
435
435
436
436
436
437
440
440
441
443
443
445
446
446
447
448
448
449
451
452
453
455
456
457
457
458
459
460
461
462
464
464
465
466
466
469
470
470
471
472
473
473
473
475
476
476
476
480
483
489
489
489
490
491
491
493
493
497
497
498
499
500
500
500
501
501
501
501
502
503
504
506
506
507
508
508
510
511
511
512
512
512
513
513
514
515
516
516
518
518
519
519
520
522
522
523
523
524
527
528
529
531
532
536
540
543
543
543
544
544
544
545
546
548
548
550
550
551
551
552
553
554
554
554
556
556
559
561
564
565
566
566
567
567
567
567
568
569
569
570
571
571
572
573
573
573
577
580
581
581
582
583
584
585
585
587
587
587
590
590
590
591
593
594
595
595
595
596
596
597
598
598
599
599
600
602
602
602
603
604
604
606
607
608
612
613
616
616
616
618
618
618
619
619
619
621
623
623
624
625
625
626
626
627
628
633
635
636
636
637
637
640
641
641
641
641
643
644
645
650
651
652
652
654
654
655
655
656
656
656
658
658
660
663
663
664
665
666
666
666
668
672
673
674
677
678
681
681
681
682
682
683
683
683
684
685
686
687
691
692
694
694
695
695
697
698
698
701
702
706
707
707
710
710
711
712
713
713
714
715
716
717
719
719
720
720
722
722
723
726
726
728
729
731
732
733
734
737
737
742
742
743
747
748
752
752
752
754
757
757
758
758
759
760
761
761
762
763
764
764
765
766
767
768
769
769
769
770
770
771
772
773
775
775
776
776
777
778
779
779
779
782
782
783
783
783
783
784
786
786
786
787
787
788
789
790
791
791
791
791
792
795
796
797
800
800
801
801
801
801
801
804
805
806
807
813
813
814
816
818
818
821
821
821
821
822
823
823
824
825
825
826
826
830
830
834
835
837
838
839
839
841
842
842
844
846
847
848
848
849
849
850
850
853
853
857
859
860
864
867
869
871
871
871
871
873
874
877
877
878
880
883
884
885
886
886
887
888
888
888
891
891
892
895
896
896
898
899
901
903
904
904
905
906
906
906
907
907
908
908
912
913
914
915
915
915
917
918
919
920
920
922
922
923
924
924
924
928
928
929
930
930
930
931
932
933
934
936
937
937
939
939
940
940
941
943
943
944
945
947
948
951
953
954
956
957
961
961
963
967
967
967
968
968
970
970
971
972
975
975
975
978
979
980
981
981
982
983
985
986
988
989
991
993
994
996
997
999
1000
1001
1002
1002
1002
1003
1003
1004
1004
1004
1005
1006
1006
1007
1007
1010
1012
1014
1015
1016
1016
1016
1016
1016
1017
1017
1018
1018
1020
1020
1020
1021
1021
1021
1026
1030
1031
1033
1034
1035
1035
1035
1036
1036
1037
1039
1040
1040
1040
1040
1040
1041
1042
1042
1042
1042
1046
1047
1048
1049
1050
1051
1051
1056
1056
1061
1062
1063
1063
1064
1066
1067
1068
1068
1071
1071
1071
1071
1072
1073
1073
1073
1073
1074
1075
1077
1078
1079
1079
1080
1080
1081
1081
1082
1082
1083
1084
1084
1084
1085
1086
1087
1088
1089
1090
1091
1091
1092
1093
1094
1094
1095
1095
1095
1098
1098
1099
1104
1104
1104
1105
1108
1109
1110
1112
1113
1114
1115
1115
1116
1117
1120
1121
1122
1126
1126
1126
1127
1130
1130
1130
1130
1134
1134
1134
1140
1141
1142
1142
1142
1142
1145
1146
1149
1151
1152
1153
1159
1159
1160
1160
1164
1165
1165
1165
1165
1166
1166
1166
1167
1167
1167
1168
1169
1171
1172
1174
1174
1178
1179
1180
1180
1180
1181
1181
1182
1184
1188
1189
1190
1191
1191
1193
1194
1196
1197
1197
1198
1199
1199
1200
1200
1201
1201
1202
1203
1207
1208
1209
1209
1210
1210
1210
1211
1211
1213
1214
1215
1215
1217
1218
1219
1220
1220
1222
1222
1223
1223
1223
1225
1225
1226
1230
1230
1232
1232
1233
1233
1233
1236
1236
1236
1237
1240
1240
1240
1242
1243
1246
1246
1246
1248
1248
1250
1254
1254
1255
1259
1259
1263
1264
1265
1265
1266
1267
1267
1268
1269
1270
1271
1272
1272
1273
1276
1276
1277
1278
1278
1279
1283
1286
1286
1287
1287
1288
1288
1289
1290
1292
1292
1292
1295
1295
1295
1296
1296
1296
1299
1301
1302
1306
1307
1308
1310
1310
1311
1311
1311
1312
1312
1312
1314
1315
1315
1317
1317
1317
1318
1319
1321
1322
1322
1322
1326
1328
1329
1331
1331
1331
1332
1333
1333
1334
1335
1335
1337
1337
1340
1340
1343
1345
1347
1348
1349
1350
1351
1351
1352
1352
1353
1353
1354
1354
1355
1357
1358
1358
1359
1360
1360
1362
1362
1363
1364
1365
1367
1367
1368
1368
1368
1368
1370
1370
1370
1375
1375
1376
1377
1377
1380
1380
1380
1380
1380
1381
1381
1382
1386
1388
1389
1389
1390
1391
1391
1392
1392
1393
1394
1394
1397
1397
1397
1398
1401
1402
1405
1406
1407
1409
1410
1410
1412
1412
1413
1413
1413
1414
1415
1416
1419
1419
1421
1422
1422
1424
1425
1425
1426
1427
1428
1429
1430
1430
1432
1433
1436
1436
1437
1438
1438
1438
1439
1440
1440
1446
1447
1448
1448
1449
1449
1452
1453
1454
1454
1459
1459
1460
1462
1462
1464
1466
1467
1467
1468
1469
1472
1472
1473
1474
1474
1475
1476
1477
1479
1480
1481
1482
1482
1484
1485
1485
1486
1489
1491
1492
1492
1492
1492
1495
1496
1497
1497
1498
1499
1499
1501
1502
1502
1502
1504
1507
1507
1507
1508
1508
1509
1509
1510
1512
1514
1514
1515
1519
1521
1521
1521
1523
1523
1525
1527
1527
1528
1529
1530
1532
1532
1533
1533
1533
1534
1535
1537
1539
1541
1542
1543
1544
1544
1544
1545
1547
1548
1549
1550
1551
1554
1554
1554
1555
1556
1556
1556
1558
1558
1558
1559
1561
1561
1561
1563
1563
1565
1565
1567
1567
1571
1573
1574
1575
1575
1576
1577
1578
1578
1582
1583
1584
1584
1585
1587
1587
1588
1589
1591
1592
1593
1594
1596
1596
1597
1597
1599
1599
1602
1602
1602
1607
1610
1610
1613
1613
1614
1614
1615
1615
1617
1618
1619
1620
1620
1621
1623
1624
1624
1627
1627
1627
1627
1628
1629
1629
1630
1631
1631
1631
1632
1632
1632
1633
1633
1634
1636
1636
1637
1637
1637
1638
1639
1639
1640
1640
1642
1643
1643
1643
1643
1644
1644
1647
1649
1649
1650
1651
1651
1652
1655
1656
1657
1659
1659
1659
1660
1660
1661
1661
1665
1667
1668
1668
1669
1670
1673
1674
1675
1679
1680
1681
1682
1683
1684
1685
1687
1687
1687
1689
1689
1690
1691
1693
1693
1694
1696
1696
1697
1697
1698
1699
1699
1701
1702
1707
1707
1708
1708
1709
1709
1710
1710
1711
1711
1711
1714
1715
1716
1717
1718
1720
1726
1728
1729
1729
1730
1730
1730
1732
1734
1734
1735
1735
1736
1736
1736
1738
1738
1739
1739
1740
1741
1741
1741
1742
1742
1743
1747
1747
1748
1748
1749
1750
1753
1754
1757
1757
1758
1758
1759
1759
1759
1760
1762
1763
1765
1768
1768
1768
1769
1770
1770
1771
1771
1772
1773
1773
1775
1778
1779
1781
1781
1781
1782
1783
1784
1784
1784
1785
1786
1787
1789
1790
1790
1795
1795
1796
1796
1796
1798
1799
1800
1801
1801
1802
1802
1802
1802
1803
1804
1804
1806
1806
1808
1808
1809
1809
1809
1810
1811
1812
1813
1814
1814
1815
1815
1816
1816
1817
1817
1818
1820
1822
1823
1823
1823
1823
1824
1824
1824
1825
1825
1826
1827
1828
1829
1832
1836
1837
1837
1840
1841
1841
1844
1846
1846
1847
1848
1848
1849
1849
1851
1853
1854
1855
1855
1857
1858
1858
1859
1859
1860
1861
1861
1861
1862
1862
1863
1863
1865
1865
1866
1866
1866
1866
1870
1871
1871
1872
1872
1872
1873
1874
1876
1877
1878
1880
1882
1883
1883
1885
1886
1887
1887
1887
1889
1889
1890
1891
1893
1894
1896
1896
1897
1898
1898
1900
1901
1901
1902
1903
1904
1905
1905
1905
1905
1905
1906
1906
1907
1909
1910
1910
1911
1911
1912
1914
1914
1915
1915
1917
1918
1919
1920
1920
1920
1920
1921
1922
1923
1926
1927
1927
1928
1928
1929
1930
1930
1931
1932
1932
1932
1932
1932
1934
1934
1935
1936
1936
1937
1937
1938
1938
1939
1939
1939
1941
1941
1941
1942
1942
1943
1945
1947
1948
1948
1948
1948
1949
1950
1951
1951
1951
1952
1952
1953
1953
1955
1955
1955
1956
1956
1957
1958
1958
1958
1959
1959
1960
1960
1962
1963
1963
1965
1966
1966
1966
1967
1967
1967
1970
1970
1970
1971
1972
1972
1973
1973
1973
1974
1975
1976
1977
1977
1978
1979
1981
1981
1984
1984
1985
1986
1986
1987
1988
1989
1989
1990
1992
1992
1992
1993
1994
1994
1995
1995
1995
1998
1998
1998
1999
1999
1999
2000
2001
2001
2002
2002
2007
2008
2008
2009
2010
2012
2012
2014
2014
2014
2018
2019
2019
2019
2020
2021
2022
2022
2022
2023
2025
2026
2027
2029
2029
2030
2030
2031
2034
2035
2037
2037
2037
2038
2039
2040
2041
2041
2041
2042
2043
2044
2046
2049
2049
2049
2050
2050
2051
2052
2052
2054
2054
2055
2055
2056
2056
2056
2057
2061
2062
2062
2064
2064
2067
2067
2068
2070
2071
2074
2074
2075
2075
2076
2078
2079
2079
2079
2082
2084
2086
2086
2088
2088
2089
2092
2093
2094
2094
2095
2095
2097
2097
2101
2102
2102
2102
2103
2104
2105
2105
2107
2107
2108
2108
2109
2109
2110
2111
2111
2111
2112
2114
2114
2114
2115
2116
2116
2116
2117
2118
2119
2121
2122
2123
2126
2127
2128
2128
2129
2130
2131
2132
2133
2133
2134
2134
2137
2137
2139
2139
2140
2141
2141
2144
2147
2148
2150
2150
2152
2152
2153
2153
2153
2154
2155
2156
2156
2157
2157
2158
2159
2161
2161
2163
2164
2165
2165
2166
2167
2169
2172
2172
2172
2172
2173
2175
2175
2177
2177
2177
2178
2178
2178
2181
2181
2181
2184
2184
2184
2186
2186
2187
2188
2188
2190
2192
2193
2194
2195
2195
2196
2197
2197
2198
2199
2200
2203
2203
2206
2206
2207
2208
2208
2209
2209
2209
2210
2212
2215
2215
2216
2217
2217
2219
2219
2221
2222
2224
2225
2225
2225
2226
2228
2229
2229
2230
2231
2231
2233
2234
2234
2234
2235
2237
2240
2241
2241
2243
2244
2245
2247
2249
2249
2249
2251
2252
2252
2253
2253
2258
2258
2259
2259
2261
2262
2265
2266
2267
2268
2268
2269
2271
2274
2274
2275
2276
2276
2279
2279
2280
2281
2282
2284
2285
2286
2288
2289
2290
2290
2292
2292
2292
2295
2295
2296
2297
2297
2298
2298
2298
2303
2304
2304
2304
2305
2306
2307
2307
2307
2309
2310
2311
2311
2312
2312
2314
2314
2314
2316
2316
2317
2318
2318
2318
2319
2321
2322
2322
2322
2324
2325
2328
2331
2333
2333
2336
2336
2337
2338
2338
2338
2338
2338
2339
2339
2342
2345
2346
2346
2348
2348
2349
2349
2349
2350
2350
2350
2354
2354
2355
2355
2357
2358
2359
2363
2364
2366
2368
2369
2369
2369
2371
2372
2373
2374
2375
2377
2377
2382
2382
2385
2385
2386
2388
2390
2391
2392
2393
2394
2395
2396
2396
2398
2398
2399
2399
2399
2400
2401
2403
2405
2407
2407
2407
2408
2408
2411
2412
2412
2412
2414
2414
2415
2416
2418
2418
2419
2419
2423
2424
2424
2424
2428
2428
2429
2429
2429
2431
2432
2432
2433
2433
2433
2433
2434
2434
2435
2435
2436
2436
2439
2439
2440
2442
2443
2444
2445
2445
2446
2449
2449
2449
2451
2451
2451
2452
2453
2455
2457
2457
2457
2460
2460
2460
2461
2461
2463
2463
2464
2465
2465
2466
2466
2467
2467
2469
2469
2472
2473
2476
2479
2480
2480
2481
2481
2482
2483
2483
2483
2485
2487
2488
2491
2495
2496
2497
2497
2499
2499
2499
2499
2501
2502
2502
2507
2509
2510
2510
2516
2517
2517
2518
2519
2519
2519
2520
2522
2524
2524
2525
2525
2526
2526
2526
2526
2527
2527
2527
2529
2529
2529
2529
2529
2530
2530
2531
2532
2533
2536
2537
2538
2540
2540
2541
2542
2543
2543
2546
2547
2547
2548
2551
2553
2556
2556
2556
2557
2558
2559
2559
2560
2563
2563
2564
2564
2564
2565
2566
2567
2568
2568
2568
2569
2571
2571
2572
2572
2572
2578
2578
2579
2579
2581
2583
2583
2587
2588
2589
2590
2590
2590
2593
2595
2596
2597
2597
2598
2598
2599
2600
2600
2600
2601
2603
2605
2607
2607
2608
2612
2612
2616
2617
2617
2618
2619
2620
2621
2621
2622
2624
2624
2625
2625
2628
2628
2629
2630
2630
2631
2631
2631
2631
2634
2634
2634
2636
2636
2637
2637
2637
2640
2641
2642
2643
2644
2644
2646
2646
2646
2647
2647
2649
2649
2650
2651
2651
2653
2654
2654
2655
2655
2656
2656
2657
2657
2657
2657
2658
2658
2659
2660
2660
2661
2661
2661
2662
2663
2663
2664
2666
2666
2666
2670
2670
2670
2671
2671
2672
2672
2673
2674
2674
2675
2676
2677
2677
2678
2679
2680
2680
2681
2681
2684
2686
2688
2688
2689
2689
2691
2692
2692
2692
2694
2696
2699
2700
2701
2701
2702
2702
2703
2704
2704
2705
2706
2707
2707
2707
2708
2708
2710
2715
2717
2721
2721
2721
2722
2722
2725
2725
2727
2727
2727
2728
2729
2730
2730
2731
2735
2735
2735
2736
2737
2738
2741
2741
2741
2742
2743
2744
2745
2745
2747
2748
2748
2749
2749
2750
2752
2752
2752
2753
2753
2755
2757
2757
2758
2759
2761
2762
2762
2765
2766
2766
2767
2767
2768
2768
2771
2773
2775
2775
2776
2776
2776
2779
2779
2779
2780
2780
2780
2780
2782
2784
2785
2786
2786
2787
2787
2787
2788
2790
2794
2794
2795
2795
2795
2796
2796
2797
2797
2798
2798
2799
2800
2800
2800
2801
2801
2803
2803
2803
2804
2806
2806
2807
2809
2810
2810
2811
2811
2811
2814
2814
2815
2817
2817
2818
2819
2820
2822
2822
2823
2824
2824
2824
2824
2825
2825
2826
2827
2827
2831
2831
2831
2831
2831
2832
2832
2833
2834
2836
2836
2837
2837
2837
2837
2838
2839
2841
2842
2844
2844
2844
2845
2845
2847
2847
2848
2848
2848
2850
2850
2851
2853
2855
2857
2857
2858
2859
2859
2861
2865
2866
2866
2867
2868
2870
2871
2872
2872
2876
2877
2878
2878
2879
2879
2881
2883
2885
2885
2886
2886
2887
2889
2890
2893
2893
2893
2893
2894
2894
2894
2894
2896
2896
2897
2898
2899
2900
2900
2901
2901
2904
2906
2909
2911
2914
2916
2917
2918
2919
2920
2920
2922
2924
2925
2926
2926
2927
2927
2928
2929
2930
2930
2932
2933
2933
2934
2935
2935
2935
2936
2936
2937
2938
2939
2941
2941
2942
2942
2944
2945
2946
2947
2947
2948
2949
2951
2952
2952
2952
2953
2956
2960
2960
2962
2962
2963
2964
2964
2965
2967
2967
2968
2968
2969
2970
2970
2972
2973
2975
2977
2977
2977
2979
2979
2981
2982
2983
2983
2984
2985
2985
2987
2988
2989
2991
2992
2993
2995
2996
2996
2997
2998
2999
3001
3001
3002
3004
3004
3005
3005
3005
3006
3009
3009
3009
3010
3011
3013
3013
3015
3016
3017
3019
3019
3020
3021
3021
3023
3024
3024
3025
3025
3025
3027
3029
3029
3030
3030
3031
3032
3033
3033
3033
3034
3035
3036
3036
3038
3041
3043
3045
3048
3050
3051
3052
3052
3053
3053
3055
3056
3057
3060
3061
3062
3062
3063
3064
3064
3065
3065
3067
3067
3068
3069
3071
3072
3072
3073
3074
3077
3080
3080
3080
3081
3082
3082
3082
3083
3083
3084
3084
3084
3085
3087
3088
3088
3088
3089
3091
3092
3092
3093
3093
3093
3094
3094
3096
3097
3098
3098
3099
3100
3101
3102
3103
3104
3105
3107
3107
3107
3107
3108
3108
3108
3110
3110
3110
3112
3113
3113
3116
3117
3117
3118
3118
3119
3119
3121
3122
3124
3125
3129
3131
3132
3132
3133
3133
3134
3135
3135
3136
3136
3138
3138
3140
3141
3141
3141
3143
3145
3145
3146
3146
3147
3147
3149
3149
3149
3150
3150
3151
3152
3152
3152
3154
3154
3156
3156
3157
3158
3159
3160
3160
3161
3161
3162
3162
3163
3164
3164
3165
3165
3166
3169
3170
3173
3174
3175
3177
3178
3181
3182
3183
3184
3185
3185
3185
3185
3187
3190
3190
3191
3191
3193
3193
3194
3195
3195
3195
3196
3197
3198
3200
3200
3201
3201
3201
3201
3202
3202
3205
3205
3205
3206
3208
3208
3209
3210
3210
3210
3210
3211
3214
3215
3215
3215
3215
3215
3218
3219
3219
3220
3220
3220
3220
3220
3221
3222
3222
3224
3225
3226
3227
3229
3231
3233
3234
3235
3235
3236
3237
3237
3237
3237
3239
3241
3243
3243
3244
3245
3246
3247
3247
3248
3248
3249
3252
3256
3256
3257
3257
3258
3258
3259
3259
3260
3260
3262
3263
3264
3264
3265
3267
3267
3268
3268
3269
3269
3275
3275
3276
3279
3279
3279
3279
3280
3280
3280
3280
3281
3288
3288
3290
3290
3293
3294
3295
3295
3295
3295
3296
3297
3297
3298
3299
3301
3304
3304
3305
3305
3306
3306
3307
3308
3308
3308
3309
3309
3309
3310
3310
3311
3311
3311
3315
3315
3315
3316
3316
3317
3317
3318
3319
3321
3321
3321
3322
3323
3323
3325
3327
3327
3328
3331
3331
3331
3331
3332
3333
3333
3333
3334
3335
3335
3336
3340
3341
3342
3343
3343
3344
3345
3345
3346
3346
3347
3347
3350
3350
3351
3351
3352
3353
3354
3355
3355
3355
3357
3357
3359
3361
3362
3362
3364
3365
3366
3366
3367
3367
3367
3369
3370
3370
3371
3372
3373
3375
3376
3376
3377
3378
3378
3379
3381
3382
3383
3385
3386
3389
3390
3391
3393
3393
3394
3394
3397
3398
3398
3399
3400
3400
3401
3402
3402
3404
3404
3405
3405
3407
3409
3409
3410
3412
3413
3414
3415
3417
3421
3422
3423
3424
3425
3427
3427
3428
3430
3430
3431
3432
3433
3434
3437
3439
3441
3441
3443
3444
3444
3444
3444
3445
3447
3448
3449
3450
3451
3451
3452
3454
3455
3455
3456
3459
3459
3460
3461
3461
3462
3464
3465
3467
3469
3470
3470
3470
3470
3475
3476
3477
3479
3479
3479
3481
3483
3483
3484
3484
3484
3486
3486
3487
3488
3489
3489
3490
3491
3492
3493
3493
3494
3495
3495
3496
3497
3498
3498
3500
3500
3501
3502
3503
3505
3505
3507
3512
3514
3515
3515
3521
3523
3523
3523
3524
3525
3526
3527
3529
3532
3533
3534
3537
3537
3541
3541
3542
3542
3543
3543
3543
3544
3545
3546
3546
3547
3548
3548
3548
3549
3550
3551
3554
3555
3555
3556
3557
3558
3560
3560
3560
3560
3562
3563
3564
3565
3565
3566
3572
3572
3572
3572
3572
3573
3574
3575
3576
3576
3578
3578
3579
3579
3583
3583
3584
3584
3585
3586
3588
3589
3590
3591
3592
3592
3593
3593
3595
3595
3595
3597
3597
3597
3597
3599
3599
3599
3601
3601
3602
3604
3605
3606
3607
3608
3609
3610
3610
3611
3613
3614
3614
3615
3615
3616
3618
3619
3620
3620
3621
3621
3621
3622
3622
3624
3625
3626
3628
3630
3631
3631
3632
3633
3637
3638
3639
3640
3640
3641
3645
3645
3645
3647
3647
3648
3648
3648
3652
3653
3654
3655
3655
3655
3656
3658
3658
3659
3660
3660
3662
3662
3662
3662
3663
3663
3668
3668
3672
3673
3676
3676
3676
3677
3677
3679
3680
3683
3683
3684
3686
3687
3689
3690
3691
3691
3691
3692
3694
3694
3697
3697
3699
3701
3704
3705
3706
3708
3708
3708
3709
3710
3711
3712
3715
3715
3715
3717
3718
3720
3721
3724
3725
3726
3726
3727
3727
3728
3728
3728
3729
3729
3731
3734
3734
3737
3738
3738
3738
3739
3742
3743
3745
3745
3748
3748
3751
3754
3755
3758
3759
3761
3761
3761
3761
3763
3763
3764
3765
3765
3767
3768
3768
3768
3768
3769
3770
3770
3775
3775
3776
3776
3776
3776
3778
3779
3780
3781
3782
3782
3783
3785
3788
3788
3790
3790
3795
3795
3796
3797
3798
3799
3803
3804
3805
3806
3806
3806
3807
3808
3809
3810
3813
3814
3814
3814
3815
3815
3820
3821
3821
3822
3822
3822
3822
3823
3824
3824
3824
3825
3825
3825
3826
3828
3830
3831
3837
3838
3839
3839
3840
3841
3842
3842
3842
3843
3846
3849
3849
3850
3851
3852
3853
3854
3857
3857
3858
3859
3861
3861
3861
3862
3869
3870
3870
3872
3873
3874
3874
3874
3875
3876
3876
3877
3878
3878
3879
3879
3879
3880
3881
3883
3884
3886
3887
3889
3890
3890
3890
3891
3892
3892
3893
3893
3893
3894
3895
3898
3899
3899
3901
3901
3903
3903
3904
3905
3906
3907
3909
3909
3910
3912
3913
3916
3916
3918
3918
3920
3920
3922
3922
3923
3925
3926
3926
3926
3929
3929
3930
3930
3930
3932
3934
3935
3937
3938
3939
3939
3942
3944
3947
3949
3950
3950
3950
3952
3952
3952
3953
3953
3956
3961
3961
3962
3962
3964
3964
3964
3966
3967
3968
3971
3973
3973
3974
3974
3975
3975
3976
3976
3977
3978
3980
3981
3981
3982
3982
3984
3988
3989
3989
3990
3991
3992
3992
3992
3994
3994
3994
3995
3996
3997
3998
3999
4000
4000
4000
4001
4001
4002
4004
4004
4005
4006
4008
4008
4009
4010
4010
4011
4012
4012
4014
4014
4014
4017
4018
4018
4018
4018
4022
4023
4024
4025
4029
4030
4031
4031
4033
4034
4034
4034
4034
4035
4035
4037
4038
4039
4040
4041
4041
4044
4044
4045
4045
4046
4046
4047
4047
4048
4048
4048
4048
4051
4051
4051
4052
4053
4055
4056
4056
4057
4058
4058
4059
4059
4061
4065
4065
4066
4066
4066
4069
4069
4071
4072
4073
4074
4074
4074
4075
4076
4076
4077
4079
4079
4081
4082
4082
4083
4085
4086
4088
4088
4088
4089
4090
4091
4093
4094
4096
4097
4097
4098
4099
4099
4099
4101
4101
4103
4103
4104
4105
4107
4108
4108
4109
4109
4111
4112
4113
4114
4114
4117
4117
4117
4117
4118
4118
4121
4124
4126
4126
4126
4132
4132
4134
4136
4136
4137
4139
4140
4140
4141
4142
4145
4146
4147
4148
4148
4150
4151
4151
4153
4155
4158
4159
4159
4161
4163
4163
4163
4167
4168
4169
4170
4171
4172
4176
4177
4178
4179
4180
4182
4183
4184
4185
4188
4189
4194
4194
4194
4195
4195
4197
4197
4198
4198
4198
4199
4202
4202
4203
4204
4204
4205
4207
4210
4210
4211
4211
4212
4212
4213
4213
4213
4214
4214
4214
4216
4217
4218
4219
4221
4222
4223
4223
4225
4227
4228
4229
4230
4231
4231
4232
4235
4236
4239
4239
4239
4240
4241
4241
4242
4245
4245
4246
4250
4251
4252
4253
4255
4255
4255
4256
4256
4257
4257
4257
4257
4258
4259
4261
4261
4262
4262
4262
4265
4266
4266
4268
4268
4270
4271
4273
4273
4274
4275
4276
4276
4277
4277
4279
4280
4281
4281
4281
4281
4282
4282
4283
4284
4285
4288
4292
4294
4294
4294
4295
4295
4296
4297
4297
4297
4299
4300
4302
4304
4306
4306
4306
4308
4311
4311
4312
4314
4314
4314
4316
4316
4318
4318
4319
4320
4321
4322
4322
4322
4323
4324
4326
4329
4329
4330
4330
4331
4331
4332
4332
4333
4334
4334
4335
4335
4336
4337
4340
4340
4341
4343
4343
4344
4344
4345
4346
4348
4350
4350
4351
4352
4353
4355
4355
4355
4357
4360
4360
4360
4361
4361
4361
4362
4362
4363
4363
4363
4364
4366
4366
4367
4368
4369
4370
4371
4371
4376
4377
4377
4378
4379
4379
4381
4381
4383
4385
4386
4387
4387
4390
4391
4391
4391
4392
4394
4394
4395
4396
4396
4397
4397
4398
4400
4400
4401
4401
4402
4402
4403
4404
4404
4404
4405
4406
4406
4407
4408
4409
4413
4413
4413
4414
4414
4417
4417
4419
4419
4420
4420
4424
4424
4425
4426
4428
4430
4430
4431
4431
4431
4432
4433
4433
4434
4436
4436
4437
4437
4438
4438
4439
4442
4443
4443
4443
4444
4445
4448
4448
4449
4449
4451
4453
4453
4453
4454
4454
4456
4457
4459
4460
4461
4461
4462
4464
4464
4464
4467
4468
4468
4468
4469
4470
4473
4474
4476
4476
4476
4477
4478
4478
4478
4479
4481
4481
4483
4483
4484
4485
4486
4488
4489
4490
4490
4491
4492
4492
4493
4493
4494
4494
4495
4500
4500
4501
4501
4501
4505
4506
4506
4508
4508
4509
4509
4510
4510
4511
4512
4512
4513
4514
4515
4515
4516
4517
4517
4520
4521
4521
4523
4523
4523
4524
4524
4524
4526
4527
4529
4529
4530
4531
4532
4533
4534
4535
4535
4535
4536
4536
4537
4541
4541
4541
4543
4543
4545
4545
4545
4546
4546
4547
4548
4548
4555
4555
4555
4556
4556
4557
4557
4557
4559
4560
4561
4562
4562
4564
4565
4566
4566
4567
4567
4569
4571
4572
4572
4572
4572
4573
4575
4576
4576
4577
4578
4582
4584
4585
4585
4585
4585
4586
4586
4587
4588
4589
4590
4591
4592
4593
4595
4598
4598
4599
4600
4600
4601
4601
4602
4603
4605
4606
4608
4608
4608
4610
4612
4612
4614
4614
4615
4615
4615
4617
4617
4618
4619
4619
4620
4620
4621
4622
4622
4623
4624
4628
4631
4633
4635
4636
4637
4637
4639
4640
4641
4641
4642
4643
4643
4643
4644
4644
4644
4646
4647
4647
4650
4651
4651
4651
4653
4654
4657
4662
4662
4663
4663
4664
4665
4665
4666
4666
4669
4670
4674
4675
4675
4677
4678
4679
4680
4682
4682
4683
4683
4683
4683
4684
4684
4685
4686
4686
4686
4689
4690
4691
4692
4693
4694
4694
4694
4695
4695
4696
4697
4698
4702
4705
4705
4706
4707
4709
4710
4710
4711
4712
4713
4713
4713
4714
4715
4715
4716
4718
4718
4719
4719
4719
4720
4724
4724
4725
4726
4727
4728
4728
4728
4729
4729
4730
4731
4732
4733
4733
4733
4734
4736
4739
4740
4741
4743
4744
4744
4748
4749
4749
4750
4751
4752
4754
4755
4757
4757
4757
4760
4760
4762
4762
4763
4766
4766
4766
4766
4771
4772
4774
4774
4774
4776
4777
4778
4780
4782
4783
4786
4786
4786
4787
4787
4788
4788
4788
4790
4792
4793
4793
4794
4794
4794
4795
4795
4795
4795
4796
4796
4796
4797
4798
4801
4801
4802
4803
4806
4807
4807
4813
4814
4815
4820
4821
4821
4823
4823
4824
4827
4828
4828
4828
4829
4830
4831
4834
4834
4835
4835
4838
4838
4841
4841
4842
4842
4844
4844
4845
4846
4846
4847
4847
4848
4849
4849
4851
4854
4855
4856
4856
4857
4857
4858
4858
4858
4859
4860
4860
4861
4861
4861
4863
4864
4865
4866
4867
4867
4869
4869
4870
4870
4873
4873
4877
4877
4877
4878
4879
4879
4881
4882
4882
4882
4887
4888
4888
4890
4891
4892
4894
4897
4900
4903
4904
4905
4906
4906
4908
4909
4911
4911
4912
4913
4914
4915
4916
4919
4920
4923
4924
4924
4926
4927
4927
4928
4928
4929
4929
4929
4929
4932
4933
4934
4934
4935
4936
4936
4938
4939
4940
4941
4941
4943
4943
4943
4944
4944
4946
4946
4947
4947
4951
4952
4952
4952
4955
4956
4958
4959
4959
4960
4960
4960
4960
4962
4964
4964
4965
4965
4966
4966
4966
4972
4973
4974
4974
4978
4978
4981
4982
4983
4985
4986
4989
4989
4990
4990
4991
4992
4994
4995
4996
4996
4996
4997
4997
4999
5001
5003
5004
5004
5006
5006
5006
5006
5008
5009
5009
5010
5011
5011
5011
5012
5013
5014
5015
5019
5020
5020
5020
5021
5024
5025
5027
5029
5029
5030
5031
5032
5033
5035
5036
5037
5037
5037
5038
5039
5039
5040
5040
5040
5041
5045
5045
5045
5045
5046
5047
5048
5048
5050
5050
5051
5051
5051
5051
5052
5052
5054
5054
5054
5055
5055
5055
5056
5057
5060
5061
5063
5063
5064
5064
5064
5064
5065
5065
5065
5067
5068
5068
5069
5069
5069
5069
5073
5075
5076
5076
5077
5077
5078
5078
5080
5080
5081
5082
5083
5084
5085
5086
5088
5089
5089
5090
5090
5090
5092
5092
5093
5094
5094
5095
5095
5096
5096
5096
5098
5099
5100
5101
5102
5102
5103
5105
5105
5106
5106
5108
5110
5111
5111
5114
5114
5115
5115
5116
5117
5117
5119
5119
5120
5123
5124
5124
5124
5124
5125
5126
5127
5128
5130
5131
5132
5132
5133
5133
5133
5134
5137
5137
5137
5139
5139
5140
5140
5140
5141
5141
5146
5146
5147
5147
5148
5151
5153
5155
5155
5157
5159
5159
5159
5160
5160
5161
5162
5162
5162
5163
5163
5164
5165
5165
5166
5167
5168
5170
5170
5171
5171
5173
5173
5174
5175
5175
5175
5176
5177
5177
5179
5179
5181
5183
5185
5186
5187
5188
5189
5190
5190
5190
5190
5191
5193
5194
5196
5197
5197
5198
5198
5198
5203
5203
5203
5204
5205
5206
5217
5217
5218
5219
5220
5220
5221
5222
5224
5224
5224
5225
5226
5228
5231
5231
5232
5233
5233
5233
5234
5234
5237
5237
5237
5238
5242
5244
5245
5246
5247
5248
5248
5249
5250
5251
5252
5252
5252
5255
5256
5261
5262
5263
5265
5266
5267
5267
5270
5270
5272
5273
5273
5274
5274
5275
5276
5278
5278
5280
5281
5282
5284
5284
5285
5285
5286
5289
5291
5291
5295
5299
5299
5302
5302
5303
5303
5307
5307
5308
5308
5309
5310
5311
5312
5313
5314
5314
5317
5318
5318
5319
5319
5320
5322
5322
5322
5326
5328
5328
5329
5332
5332
5333
5334
5334
5335
5335
5336
5338
5338
5340
5341
5341
5342
5342
5343
5343
5344
5346
5347
5348
5349
5349
5349
5350
5352
5353
5353
5354
5355
5357
5357
5358
5358
5358
5358
5359
5359
5361
5362
5363
5364
5364
5365
5365
5367
5367
5368
5369
5369
5371
5372
5372
5372
5375
5375
5375
5377
5377
5377
5378
5379
5380
5382
5382
5382
5382
5384
5384
5385
5385
5385
5386
5387
5387
5389
5390
5390
5391
5393
5394
5394
5395
5396
5396
5396
5396
5397
5400
5401
5404
5406
5406
5407
5410
5410
5412
5413
5414
5416
5417
5417
5418
5419
5420
5422
5423
5423
5424
5424
5424
5425
5426
5426
5427
5428
5431
5431
5432
5434
5435
5435
5435
5437
5439
5440
5441
5441
5441
5443
5443
5444
5444
5445
5445
5447
5448
5448
5448
5449
5449
5451
5453
5453
5453
5454
5454
5455
5456
5456
5457
5458
5458
5460
5461
5461
5462
5463
5463
5464
5466
5466
5469
5471
5471
5473
5473
5474
5474
5475
5476
5476
5477
5477
5478
5484
5485
5486
5486
5486
5486
5488
5490
5490
5490
5492
5493
5493
5498
5499
5500
5500
5501
5501
5503
5504
5504
5505
5506
5507
5508
5508
5509
5510
5510
5511
5511
5512
5512
5513
5513
5514
5514
5514
5514
5517
5519
5520
5520
5522
5522
5524
5524
5525
5525
5528
5532
5532
5533
5536
5537
5537
5538
5538
5539
5540
5542
5545
5546
5547
5549
5550
5553
5554
5555
5557
5557
5558
5559
5560
5566
5566
5568
5568
5569
5573
5574
5575
5577
5577
5577
5581
5581
5584
5584
5585
5585
5586
5586
5587
5588
5588
5589
5590
5591
5592
5592
5593
5594
5595
5596
5596
5599
5599
5599
5600
5600
5600
5601
5602
5603
5605
5605
5606
5608
5608
5609
5611
5612
5615
5616
5616
5616
5616
5617
5619
5619
5621
5622
5623
5623
5624
5627
5631
5631
5631
5631
5632
5633
5633
5634
5635
5635
5635
5636
5637
5637
5637
5638
5639
5640
5641
5642
5642
5643
5643
5645
5647
5650
5651
5652
5653
5658
5659
5660
5662
5662
5663
5664
5667
5667
5667
5668
5668
5669
5669
5669
5672
5672
5673
5673
5673
5673
5674
5675
5676
5682
5682
5688
5690
5691
5691
5691
5692
5696
5697
5700
5701
5703
5708
5712
5716
5717
5720
5721
5721
5721
5721
5723
5723
5724
5724
5724
5724
5726
5728
5728
5728
5729
5729
5731
5733
5734
5737
5741
5741
5742
5743
5743
5743
5744
5744
5744
5745
5745
5745
5746
5746
5747
5748
5750
5751
5752
5754
5754
5755
5756
5756
5757
5757
5759
5759
5759
5760
5760
5761
5761
5761
5762
5762
5763
5764
5764
5766
5767
5768
5768
5769
5769
5770
5770
5770
5770
5770
5770
5771
5774
5774
5774
5774
5776
5777
5777
5780
5781
5784
5785
5785
5785
5790
5791
5792
5793
5793
5793
5796
5798
5800
5801
5801
5803
5803
5804
5805
5806
5806
5807
5808
5809
5809
5809
5810
5812
5814
5815
5815
5816
5818
5818
5822
5824
5826
5827
5827
5828
5830
5830
5831
5831
5832
5832
5832
5832
5833
5833
5833
5834
5835
5838
5838
5838
5838
5839
5840
5840
5845
5846
5846
5846
5848
5851
5852
5852
5854
5856
5858
5859
5860
5861
5862
5865
5869
5869
5870
5871
5872
5872
5873
5873
5873
5875
5875
5875
5876
5876
5876
5877
5878
5879
5879
5880
5882
5882
5883
5885
5885
5886
5886
5886
5886
5887
5888
5888
5889
5889
5890
5890
5890
5891
5892
5893
5893
5893
5894
5894
5896
5896
5897
5898
5899
5902
5903
5903
5904
5904
5904
5906
5908
5911
5912
5913
5914
5916
5916
5918
5918
5921
5922
5922
5923
5923
5924
5926
5927
5928
5929
5932
5933
5934
5934
5937
5938
5939
5940
5941
5942
5942
5944
5944
5944
5947
5948
5948
5950
5950
5951
5951
5951
5951
5953
5955
5956
5956
5957
5958
5958
5958
5959
5962
5963
5963
5964
5965
5965
5966
5967
5967
5968
5969
5970
5971
5972
5977
5979
5983
5985
5986
5986
5987
5987
5988
5989
5990
5991
5992
5992
5993
5993
5996
5996
5996
5996
5997
5997
5998
5998
5999
6000
6000
6000
6001
6002
6002
6003
6004
6008
6009
6009
6009
6013
6013
6015
6016
6016
6017
6020
6021
6022
6022
6023
6023
6024
6024
6025
6025
6025
6026
6028
6030
6033
6033
6035
6035
6036
6036
6038
6038
6040
6043
6045
6045
6046
6048
6049
6049
6051
6054
6060
6060
6060
6061
6062
6063
6064
6064
6066
6068
6068
6069
6071
6072
6073
6074
6074
6075
6075
6075
6080
6080
6081
6081
6081
6081
6082
6082
6083
6083
6084
6084
6084
6085
6085
6086
6086
6087
6089
6089
6089
6091
6093
6094
6094
6095
6095
6096
6096
6098
6099
6099
6100
6102
6103
6103
6104
6104
6104
6104
6105
6105
6105
6107
6108
6108
6110
6110
6110
6111
6112
6112
6113
6114
6114
6116
6116
6119
6119
6121
6122
6122
6122
6126
6127
6127
6129
6130
6130
6132
6132
6133
6134
6135
6138
6140
6141
6143
6145
6145
6147
6148
6150
6151
6152
6154
6155
6163
6166
6168
6168
6169
6175
6175
6175
6175
6179
6182
6182
6182
6184
6185
6187
6188
6188
6189
6192
6192
6194
6194
6196
6196
6196
6197
6199
6200
6201
6201
6206
6209
6210
6212
6213
6214
6217
6218
6219
6219
6220
6221
6221
6222
6222
6223
6223
6224
6224
6224
6224
6225
6226
6226
6226
6227
6228
6228
6228
6229
6229
6229
6230
6231
6234
6236
6238
6239
6240
6242
6242
6242
6246
6246
6247
6247
6250
6250
6251
6251
6253
6253
6254
6255
6255
6256
6257
6258
6261
6262
6263
6264
6264
6265
6268
6271
6276
6280
6280
6282
6283
6283
6283
6286
6287
6287
6287
6289
6289
6289
6291
6291
6293
6293
6294
6295
6295
6296
6296
6297
6299
6299
6300
6301
6301
6301
6304
6307
6308
6309
6310
6312
6312
6312
6313
6314
6316
6318
6319
6323
6325
6325
6327
6327
6335
6336
6337
6337
6340
6341
6342
6343
6344
6346
6347
6348
6349
6349
6350
6350
6351
6352
6353
6354
6356
6356
6357
6358
6359
6361
6361
6363
6364
6364
6365
6367
6368
6371
6373
6373
6375
6377
6377
6378
6381
6382
6382
6385
6386
6387
6388
6388
6389
6389
6390
6392
6393
6393
6395
6396
6397
6398
6398
6400
6400
6400
6401
6401
6404
6405
6406
6406
6407
6408
6408
6409
6410
6410
6411
6412
6412
6414
6415
6415
6419
6419
6419
6422
6422
6423
6423
6425
6426
6428
6431
6431
6431
6432
6433
6433
6434
6434
6435
6436
6437
6437
6438
6438
6439
6439
6440
6443
6444
6445
6445
6447
6448
6449
6450
6451
6454
6456
6458
6459
6459
6460
6462
6465
6466
6469
6469
6472
6473
6474
6475
6476
6477
6478
6479
6480
6484
6484
6486
6486
6488
6489
6489
6490
6491
6491
6491
6492
6495
6496
6496
6496
6496
6497
6498
6498
6498
6500
6502
6503
6505
6506
6507
6508
6509
6509
6512
6514
6514
6514
6515
6516
6518
6521
6522
6522
6522
6524
6525
6526
6529
6530
6530
6531
6531
6532
6532
6534
6534
6534
6536
6537
6538
6539
6542
6542
6543
6544
6544
6544
6546
6547
6547
6548
6548
6548
6552
6554
6554
6556
6556
6557
6558
6560
6561
6562
6564
6565
6570
6570
6571
6574
6574
6576
6577
6578
6579
6580
6580
6581
6581
6582
6582
6582
6586
6586
6589
6590
6594
6596
6597
6597
6600
6601
6602
6603
6604
6605
6606
6608
6609
6610
6611
6611
6612
6612
6612
6613
6614
6614
6614
6615
6615
6615
6616
6616
6618
6621
6621
6621
6622
6622
6623
6623
6624
6627
6629
6633
6634
6634
6634
6635
6637
6638
6639
6639
6639
6640
6640
6641
6641
6641
6642
6642
6643
6644
6644
6644
6645
6645
6645
6646
6646
6649
6649
6651
6652
6653
6653
6655
6655
6656
6656
6659
6660
6661
6662
6663
6666
6667
6667
6667
6668
6671
6671
6671
6673
6675
6675
6675
6676
6676
6677
6677
6677
6680
6683
6685
6685
6685
6687
6687
6690
6692
6693
6696
6697
6698
6699
6702
6704
6708
6709
6709
6709
6713
6714
6714
6716
6717
6718
6718
6720
6723
6723
6723
6724
6725
6726
6726
6726
6726
6727
6727
6727
6727
6727
6728
6730
6730
6730
6731
6732
6733
6735
6735
6736
6738
6743
6744
6744
6744
6746
6746
6747
6750
6751
6752
6757
6757
6758
6759
6761
6762
6763
6763
6764
6765
6768
6768
6769
6769
6771
6771
6774
6775
6778
6779
6779
6779
6780
6780
6781
6782
6782
6783
6784
6786
6786
6790
6794
6796
6796
6796
6797
6797
6797
6798
6801
6803
6804
6805
6809
6809
6809
6809
6810
6813
6817
6819
6822
6823
6823
6825
6826
6826
6827
6830
6831
6831
6832
6834
6837
6839
6839
6843
6843
6844
6845
6846
6846
6847
6850
6851
6853
6853
6854
6855
6855
6857
6861
6862
6862
6863
6866
6867
6867
6868
6868
6871
6872
6878
6880
6881
6881
6881
6883
6883
6883
6886
6887
6888
6890
6893
6895
6897
6897
6900
6901
6901
6905
6908
6908
6909
6910
6910
6911
6911
6912
6913
6913
6914
6914
6915
6915
6915
6917
6918
6918
6919
6920
6922
6924
6924
6927
6927
6927
6927
6929
6930
6930
6930
6933
6934
6936
6937
6937
6939
6939
6939
6940
6940
6941
6941
6942
6943
6943
6944
6945
6946
6946
6949
6952
6952
6953
6953
6954
6955
6956
6957
6957
6958
6958
6959
6959
6959
6960
6960
6960
6962
6962
6962
6965
6966
6967
6967
6969
6970
6970
6971
6975
6977
6977
6979
6982
6984
6984
6985
6990
6993
6993
6994
6996
7000
7002
7003
7005
7005
7005
7005
7007
7009
7009
7010
7010
7010
7015
7015
7015
7015
7017
7017
7019
7020
7022
7022
7024
7024
7025
7028
7029
7030
7030
7031
7032
7033
7035
7035
7035
7036
7036
7037
7038
7038
7040
7040
7042
7043
7044
7045
7046
7046
7046
7046
7048
7050
7051
7052
7053
7053
7053
7056
7057
7058
7059
7060
7062
7063
7064
7065
7065
7065
7069
7069
7072
7072
7074
7074
7074
7075
7075
7075
7078
7079
7080
7080
7082
7084
7085
7085
7085
7085
7086
7087
7088
7090
7091
7091
7093
7096
7097
7097
7097
7098
7098
7098
7099
7099
7100
7101
7101
7101
7102
7102
7103
7103
7105
7105
7106
7106
7106
7110
7110
7112
7112
7113
7114
7114
7115
7118
7118
7118
7118
7118
7119
7119
7119
7120
7120
7120
7120
7120
7121
7121
7121
7126
7128
7129
7129
7130
7131
7131
7132
7135
7135
7136
7136
7136
7137
7137
7139
7141
7142
7144
7144
7146
7148
7149
7150
7152
7153
7153
7155
7155
7155
7160
7163
7163
7163
7165
7167
7167
7168
7169
7170
7170
7170
7170
7174
7174
7175
7175
7175
7177
7179
7183
7184
7186
7188
7188
7191
7191
7194
7195
7195
7196
7196
7197
7197
7197
7203
7203
7204
7205
7207
7207
7209
7209
7210
7210
7212
7215
7218
7219
7220
7220
7221
7221
7223
7223
7224
7224
7224
7227
7227
7227
7229
7231
7233
7233
7236
7237
7238
7238
7238
7239
7239
7242
7242
7245
7246
7246
7248
7248
7249
7250
7252
7252
7255
7255
7256
7259
7259
7259
7262
7264
7265
7265
7268
7268
7271
7271
7273
7273
7273
7274
7274
7275
7276
7277
7277
7277
7278
7280
7283
7284
7285
7285
7287
7289
7289
7290
7291
7291
7292
7294
7294
7296
7297
7298
7298
7299
7299
7304
7305
7306
7309
7310
7311
7311
7311
7312
7316
7316
7316
7319
7320
7322
7322
7322
7323
7325
7327
7328
7330
7332
7333
7336
7337
7340
7340
7342
7343
7343
7344
7345
7345
7348
7349
7350
7350
7350
7351
7352
7353
7356
7357
7359
7361
7362
7362
7362
7363
7363
7364
7364
7365
7365
7366
7368
7369
7370
7371
7371
7372
7372
7373
7373
7373
7374
7374
7374
7375
7375
7376
7377
7378
7378
7379
7379
7379
7380
7381
7383
7383
7384
7386
7386
7387
7388
7388
7390
7392
7392
7392
7393
7395
7396
7400
7400
7402
7403
7403
7405
7406
7406
7406
7407
7412
7413
7413
7415
7416
7422
7425
7426
7426
7429
7430
7430
7431
7431
7433
7434
7435
7436
7438
7439
7440
7440
7441
7442
7443
7444
7445
7447
7447
7450
7450
7453
7455
7457
7457
7458
7459
7460
7461
7464
7465
7466
7467
7468
7470
7472
7473
7474
7475
7477
7477
7480
7480
7481
7484
7484
7485
7485
7485
7487
7488
7489
7490
7490
7490
7491
7493
7496
7498
7498
7500
7500
7500
7502
7502
7505
7505
7506
7506
7506
7510
7511
7512
7513
7513
7514
7516
7520
7521
7521
7522
7524
7524
7526
7527
7529
7531
7534
7535
7537
7538
7539
7539
7540
7540
7541
7541
7544
7547
7548
7548
7550
7550
7552
7553
7558
7558
7559
7559
7560
7560
7561
7562
7562
7562
7562
7564
7564
7565
7567
7568
7569
7570
7571
7572
7573
7573
7578
7579
7580
7580
7580
7581
7582
7582
7582
7582
7583
7583
7583
7583
7585
7585
7585
7590
7592
7593
7593
7596
7596
7596
7597
7597
7597
7598
7599
7599
7600
7602
7603
7603
7603
7604
7604
7605
7606
7606
7607
7608
7610
7611
7613
7613
7616
7617
7618
7621
7622
7622
7623
7623
7627
7627
7628
7628
7629
7630
7630
7631
7633
7633
7636
7637
7638
7641
7642
7643
7645
7645
7645
7645
7645
7645
7647
7648
7651
7651
7652
7653
7653
7654
7656
7657
7658
7658
7659
7659
7660
7662
7662
7663
7664
7664
7664
7665
7666
7666
7667
7668
7669
7670
7671
7672
7672
7673
7674
7675
7676
7677
7677
7679
7680
7683
7684
7685
7685
7686
7686
7686
7687
7688
7689
7689
7691
7692
7695
7695
7699
7699
7703
7703
7703
7704
7704
7705
7705
7712
7715
7715
7715
7716
7717
7719
7721
7724
7725
7725
7725
7726
7726
7726
7729
7730
7730
7730
7731
7731
7734
7735
7738
7740
7740
7740
7744
7744
7745
7748
7749
7750
7753
7754
7755
7755
7756
7757
7759
7760
7764
7766
7766
7771
7772
7776
7777
7778
7778
7781
7782
7783
7783
7784
7785
7785
7788
7788
7788
7788
7789
7790
7791
7793
7793
7794
7796
7797
7798
7798
7798
7798
7805
7805
7806
7810
7811
7812
7813
7814
7814
7815
7819
7820
7821
7822
7822
7823
7825
7825
7826
7828
7828
7830
7830
7830
7830
7831
7833
7834
7834
7836
7836
7841
7841
7841
7843
7844
7845
7847
7848
7848
7849
7850
7853
7853
7854
7855
7856
7857
7862
7864
7864
7867
7869
7869
7873
7873
7874
7874
7875
7876
7881
7882
7882
7882
7883
7883
7883
7883
7884
7886
7887
7887
7887
7887
7888
7888
7888
7889
7889
7890
7891
7891
7894
7894
7896
7897
7898
7898
7898
7899
7899
7900
7901
7903
7903
7903
7904
7906
7907
7908
7909
7909
7909
7910
7910
7911
7912
7912
7915
7917
7918
7919
7919
7919
7920
7921
7921
7921
7922
7922
7924
7925
7926
7927
7930
7931
7932
7933
7934
7935
7939
7939
7939
7941
7945
7946
7946
7947
7948
7948
7948
7953
7953
7954
7956
7956
7956
7958
7960
7960
7961
7963
7963
7964
7964
7964
7965
7965
7967
7968
7969
7969
7970
7971
7972
7972
7973
7974
7975
7975
7976
7977
7978
7980
7980
7980
7980
7981
7983
7983
7984
7985
7985
7986
7989
7989
7991
7991
7991
7991
7992
7993
7993
7994
7994
7994
7995
7995
7995
7995
7999
8000
8000
8001
8001
8002
8002
8003
8004
8008
8008
8009
8010
8011
8012
8013
8015
8017
8020
8021
8022
8025
8026
8027
8029
8029
8031
8031
8034
8036
8036
8037
8039
8040
8040
8041
8041
8043
8043
8043
8044
8045
8045
8045
8047
8047
8047
8048
8048
8048
8049
8051
8051
8051
8052
8053
8053
8053
8053
8054
8054
8054
8055
8055
8056
8056
8059
8059
8059
8060
8060
8060
8061
8061
8062
8063
8063
8063
8065
8065
8067
8069
8071
8072
8072
8072
8074
8075
8075
8076
8077
8077
8078
8078
8081
8081
8081
8083
8086
8088
8091
8091
8093
8094
8094
8098
8100
8102
8102
8102
8105
8106
8106
8106
8107
8107
8108
8109
8109
8110
8110
8111
8111
8115
8115
8117
8118
8120
8121
8121
8121
8122
8123
8123
8123
8123
8124
8126
8126
8126
8126
8127
8131
8133
8133
8136
8136
8139
8140
8141
8142
8142
8142
8144
8144
8145
8146
8148
8149
8150
8150
8151
8153
8153
8156
8156
8156
8156
8158
8158
8159
8159
8159
8159
8160
8161
8161
8162
8162
8163
8163
8163
8165
8167
8167
8167
8169
8171
8171
8171
8172
8174
8177
8177
8178
8179
8180
8180
8180
8182
8183
8183
8183
8184
8185
8186
8187
8188
8189
8190
8191
8194
8194
8194
8194
8195
8195
8198
8198
8199
8199
8201
8201
8202
8202
8203
8203
8204
8205
8207
8208
8210
8210
8211
8211
8211
8214
8214
8216
8216
8216
8218
8223
8224
8225
8226
8226
8228
8228
8228
8229
8230
8231
8232
8233
8235
8237
8240
8240
8241
8244
8246
8248
8248
8249
8250
8250
8250
8251
8252
8254
8255
8259
8259
8261
8264
8264
8266
8267
8269
8269
8270
8271
8271
8271
8276
8276
8277
8278
8279
8279
8280
8281
8281
8283
8285
8288
8288
8290
8291
8291
8292
8294
8295
8295
8297
8297
8298
8298
8300
8301
8301
8301
8301
8301
8303
8303
8305
8305
8306
8308
8308
8308
8309
8309
8310
8311
8311
8312
8312
8312
8314
8316
8316
8319
8320
8320
8321
8322
8323
8323
8323
8325
8325
8326
8326
8327
8327
8329
8329
8331
8333
8333
8334
8335
8338
8338
8339
8341
8342
8344
8344
8344
8345
8345
8347
8347
8347
8348
8348
8350
8350
8352
8355
8356
8357
8357
8358
8358
8358
8359
8359
8360
8361
8363
8363
8364
8364
8365
8367
8369
8370
8370
8372
8375
8377
8377
8378
8379
8379
8379
8380
8381
8382
8382
8384
8385
8387
8388
8388
8389
8389
8390
8390
8390
8390
8391
8392
8392
8395
8399
8401
8402
8405
8405
8405
8406
8406
8408
8409
8409
8410
8412
8413
8413
8416
8416
8416
8419
8421
8421
8422
8422
8425
8427
8427
8428
8429
8429
8430
8431
8434
8434
8435
8435
8436
8437
8437
8438
8438
8440
8445
8445
8447
8448
8448
8449
8450
8450
8453
8454
8455
8455
8456
8456
8457
8460
8460
8462
8463
8464
8465
8466
8466
8468
8469
8470
8471
8471
8471
8471
8472
8474
8474
8474
8475
8477
8478
8478
8479
8480
8481
8482
8484
8484
8484
8485
8486
8487
8490
8490
8490
8490
8491
8492
8493
8493
8495
8497
8498
8500
8500
8501
8501
8502
8503
8503
8505
8505
8505
8506
8506
8507
8508
8509
8512
8513
8513
8513
8515
8518
8518
8518
8520
8523
8525
8527
8529
8529
8530
8534
8534
8537
8537
8537
8540
8541
8541
8543
8544
8544
8545
8546
8547
8547
8548
8548
8550
8551
8552
8553
8553
8553
8554
8556
8557
8559
8561
8561
8562
8562
8563
8563
8564
8564
8567
8569
8570
8570
8570
8571
8572
8572
8573
8573
8575
8576
8577
8579
8580
8581
8583
8583
8583
8584
8586
8587
8588
8588
8589
8591
8592
8593
8594
8595
8596
8597
8598
8599
8599
8599
8599
8600
8600
8600
8601
8603
8604
8605
8605
8606
8606
8606
8606
8607
8607
8608
8609
8611
8617
8617
8618
8618
8620
8621
8621
8621
8623
8623
8627
8628
8628
8628
8632
8632
8634
8635
8635
8635
8636
8637
8637
8638
8639
8639
8640
8641
8647
8648
8648
8650
8651
8652
8652
8653
8653
8654
8655
8656
8658
8659
8659
8660
8660
8662
8663
8664
8664
8666
8666
8667
8668
8669
8669
8669
8671
8672
8673
8674
8674
8674
8679
8680
8680
8681
8682
8683
8684
8686
8687
8689
8690
8691
8692
8692
8692
8693
8694
8698
8698
8699
8699
8700
8700
8701
8701
8703
8704
8705
8707
8707
8708
8709
8709
8709
8710
8710
8712
8712
8712
8714
8715
8715
8717
8718
8719
8723
8725
8725
8726
8727
8728
8728
8729
8730
8732
8733
8735
8740
8743
8745
8745
8746
8746
8747
8748
8750
8750
8750
8751
8752
8752
8757
8757
8758
8759
8763
8764
8765
8765
8766
8766
8767
8767
8767
8769
8770
8770
8771
8771
8772
8773
8775
8777
8777
8780
8782
8782
8784
8784
8786
8787
8787
8789
8793
8795
8795
8796
8797
8798
8799
8801
8801
8802
8805
8806
8812
8815
8816
8816
8816
8817
8821
8821
8821
8823
8827
8830
8831
8832
8833
8838
8839
8839
8841
8842
8842
8842
8842
8842
8843
8844
8847
8850
8850
8850
8851
8852
8852
8852
8853
8853
8854
8855
8855
8855
8857
8858
8860
8861
8863
8866
8866
8866
8869
8870
8870
8870
8871
8871
8871
8872
8873
8875
8877
8877
8878
8879
8879
8880
8880
8881
8881
8882
8883
8884
8885
8887
8887
8887
8888
8891
8891
8891
8892
8892
8892
8894
8895
8895
8897
8897
8898
8899
8899
8900
8900
8903
8904
8906
8907
8908
8908
8912
8913
8914
8914
8914
8915
8915
8915
8916
8917
8918
8918
8919
8920
8920
8922
8922
8922
8923
8928
8928
8930
8931
8933
8934
8936
8937
8938
8940
8941
8941
8941
8941
8944
8944
8944
8945
8945
8945
8946
8946
8948
8949
8950
8952
8953
8955
8955
8957
8957
8958
8960
8961
8965
8968
8970
8973
8979
8979
8979
8980
8980
8981
8982
8983
8984
8986
8987
8988
8988
8989
8990
8993
8993
8995
8996
8996
8997
8997
8997
8999
8999
9001
9002
9003
9004
9008
9010
9010
9012
9012
9012
9013
9014
9015
9017
9017
9018
9022
9023
9023
9024
9024
9025
9025
9026
9027
9027
9027
9031
9033
9034
9035
9035
9035
9036
9036
9037
9039
9040
9041
9043
9045
9048
9051
9055
9056
9058
9061
9061
9061
9061
9063
9064
9064
9066
9067
9069
9069
9070
9071
9072
9072
9073
9075
9076
9076
9078
9078
9079
9081
9082
9084
9085
9085
9086
9086
9086
9086
9088
9092
9092
9093
9093
9093
9094
9094
9095
9096
9096
9098
9099
9099
9100
9101
9102
9103
9103
9104
9105
9106
9106
9108
9108
9110
9110
9113
9113
9113
9114
9114
9116
9116
9117
9117
9124
9124
9124
9125
9126
9128
9129
9130
9130
9130
9130
9131
9131
9131
9132
9134
9136
9138
9138
9139
9139
9141
9144
9145
9147
9149
9150
9151
9152
9152
9153
9153
9153
9154
9155
9155
9156
9157
9158
9161
9163
9164
9164
9165
9165
9165
9167
9168
9168
9170
9172
9172
9173
9173
9174
9176
9177
9177
9178
9182
9184
9184
9184
9185
9187
9191
9191
9192
9193
9193
9194
9195
9197
9200
9201
9203
9203
9204
9204
9204
9205
9206
9207
9207
9208
9209
9210
9213
9214
9216
9216
9217
9217
9218
9220
9222
9222
9222
9222
9223
9225
9226
9227
9228
9228
9228
9228
9229
9230
9233
9234
9235
9236
9236
9236
9236
9237
9238
9239
9239
9241
9241
9241
9242
9242
9244
9244
9245
9245
9246
9248
9249
9251
9252
9252
9256
9257
9258
9258
9258
9259
9261
9261
9261
9262
9263
9263
9264
9264
9265
9266
9267
9268
9269
9272
9273
9273
9274
9274
9280
9282
9282
9283
9283
9285
9286
9286
9287
9287
9287
9290
9291
9292
9293
9294
9294
9294
9296
9296
9296
9297
9298
9298
9299
9299
9300
9300
9301
9303
9305
9306
9311
9311
9313
9320
9320
9322
9326
9326
9326
9327
9327
9327
9328
9328
9328
9328
9331
9331
9333
9333
9335
9336
9336
9338
9338
9339
9340
9341
9341
9342
9345
9346
9347
9348
9348
9348
9349
9349
9351
9351
9352
9353
9354
9354
9355
9356
9359
9359
9360
9361
9361
9362
9362
9365
9365
9366
9366
9367
9367
9369
9369
9370
9371
9371
9372
9373
9374
9378
9378
9379
9379
9380
9383
9383
9385
9388
9389
9391
9391
9393
9394
9394
9394
9395
9396
9396
9396
9397
9399
9399
9400
9402
9403
9405
9406
9407
9410
9411
9412
9412
9413
9413
9414
9416
9417
9418
9418
9420
9421
9422
9422
9423
9423
9423
9424
9425
9427
9429
9429
9429
9430
9430
9431
9432
9432
9432
9433
9433
9436
9436
9439
9439
9443
9443
9446
9446
9446
9450
9450
9453
9454
9455
9455
9456
9458
9458
9459
9462
9463
9463
9464
9464
9464
9467
9469
9470
9471
9473
9473
9473
9475
9475
9476
9477
9479
9480
9480
9480
9480
9481
9481
9482
9482
9483
9485
9485
9487
9487
9488
9490
9490
9490
9492
9492
9492
9494
9496
9497
9498
9500
9500
9504
9504
9505
9505
9507
9508
9508
9508
9509
9510
9511
9512
9514
9514
9516
9517
9518
9518
9520
9520
9521
9523
9523
9524
9525
9525
9526
9528
9528
9529
9530
9531
9531
9535
9537
9537
9538
9539
9539
9540
9542
9542
9543
9547
9550
9552
9553
9553
9553
9554
9555
9557
9557
9558
9561
9561
9563
9564
9564
9566
9567
9568
9569
9570
9570
9572
9573
9574
9577
9577
9577
9579
9579
9581
9581
9582
9582
9582
9584
9584
9584
9585
9585
9587
9587
9588
9589
9594
9595
9597
9599
9601
9603
9606
9607
9607
9608
9608
9610
9611
9615
9616
9616
9618
9619
9619
9620
9623
9623
9624
9627
9628
9629
9630
9631
9632
9634
9634
9635
9636
9638
9638
9639
9640
9642
9642
9642
9642
9643
9643
9643
9645
9646
9646
9649
9651
9651
9652
9654
9655
9656
9656
9658
9660
9660
9661
9661
9662
9662
9662
9663
9665
9666
9667
9668
9669
9669
9669
9669
9670
9670
9673
9674
9675
9677
9679
9679
9680
9682
9682
9683
9683
9685
9685
9689
9689
9692
9693
9694
9695
9697
9697
9699
9699
9700
9701
9701
9702
9703
9704
9704
9705
9705
9705
9706
9706
9706
9707
9709
9711
9712
9713
9713
9714
9714
9715
9715
9717
9721
9722
9723
9723
9723
9725
9728
9729
9730
9730
9731
9732
9733
9734
9735
9737
9740
9741
9742
9743
9744
9745
9745
9746
9747
9747
9748
9748
9748
9748
9748
9750
9750
9752
9752
9753
9753
9755
9755
9755
9755
9755
9756
9756
9757
9758
9758
9759
9759
9761
9764
9764
9765
9768
9768
9769
9769
9769
9770
9772
9772
9773
9775
9775
9776
9777
9777
9779
9780
9782
9783
9786
9786
9786
9788
9788
9789
9790
9791
9792
9792
9793
9793
9793
9794
9795
9795
9797
9799
9799
9800
9800
9801
9801
9802
9803
9804
9805
9809
9810
9813
9813
9814
9816
9818
9820
9822
9822
9823
9823
9824
9825
9826
9831
9831
9832
9832
9832
9834
9836
9837
9838
9839
9840
9840
9842
9842
9843
9846
9847
9848
9849
9850
9850
9850
9852
9852
9852
9853
9854
9855
9855
9856
9857
9858
9858
9858
9859
9859
9860
9860
9860
9861
9861
9862
9862
9863
9866
9866
9866
9867
9867
9868
9869
9872
9876
9877
9877
9878
9879
9879
9879
9881
9884
9885
9885
9887
9887
9888
9892
9892
9894
9895
9898
9898
9899
9900
9900
9901
9901
9905
9905
9906
9906
9911
9912
9913
9915
9916
9916
9916
9916
9917
9918
9919
9919
9920
9922
9922
9923
9926
9927
9927
9927
9928
9928
9928
9929
9930
9932
9933
9933
9934
9936
9936
9941
9943
9943
9945
9947
9947
9947
9949
9950
9950
9951
9952
9953
9954
9956
9959
9963
9967
9968
9971
9972
9972
9973
9973
9973
9974
9975
9979
9980
9981
9983
9986
9987
9987
9989
9989
9989
9991
9991
9992
9993
9994
9995
9998
9998
9999
9999
