1000
0
2
3
4
4
6
6
7
8
8
10
11
11
12
15
15
16
16
16
17
20
20
24
25
26
27
28
30
32
32
33
35
35
37
39
39
41
42
43
45
48
49
50
51
51
52
52
53
53
54
55
55
57
58
58
61
61
61
61
61
62
62
62
65
66
66
68
69
69
70
72
73
74
76
77
77
81
82
83
84
84
84
85
87
87
87
89
90
90
91
91
92
93
93
98
98
99
99
99
100
100
100
100
103
104
104
104
105
106
107
109
109
109
109
110
111
113
113
115
116
117
117
120
122
122
122
123
123
127
127
127
127
128
129
130
131
133
135
136
136
138
138
139
140
141
142
143
143
145
145
145
145
146
149
150
151
152
152
152
153
155
155
158
158
159
160
160
161
162
164
168
168
172
174
175
175
176
178
179
179
180
182
185
186
187
188
189
189
190
190
191
192
192
192
192
193
193
195
196
196
197
198
198
202
205
206
206
207
208
208
210
211
212
212
213
213
213
215
216
216
217
219
220
220
220
221
222
222
222
223
223
224
224
225
225
226
227
227
228
229
232
233
233
234
234
235
237
237
239
240
242
243
243
244
247
247
248
248
249
249
250
250
255
257
258
258
260
260
261
262
263
266
266
267
269
272
272
273
276
276
276
277
280
280
281
282
283
285
286
287
288
289
290
290
291
292
292
293
293
293
294
294
295
295
297
297
298
298
299
300
300
301
302
302
303
303
304
305
306
307
308
309
311
311
311
312
312
314
316
317
318
318
320
322
322
323
326
326
327
328
329
330
330
331
334
334
335
335
335
337
338
341
346
346
347
348
350
350
352
352
358
358
361
362
363
364
365
366
367
368
369
372
372
373
374
374
375
376
377
378
379
380
381
381
382
383
384
384
386
386
386
386
388
388
389
389
390
391
392
393
396
396
397
399
401
402
402
403
407
409
410
411
412
412
413
415
416
417
418
419
419
421
422
423
424
425
428
428
431
433
434
436
437
440
440
440
441
442
442
445
445
447
450
451
451
451
452
452
456
456
457
458
458
459
459
461
464
468
470
470
470
472
473
477
478
478
478
478
480
480
481
481
482
484
484
485
485
488
489
489
490
490
493
494
496
496
498
499
499
500
500
503
504
504
504
505
508
508
509
510
510
511
511
511
513
514
515
518
520
520
522
523
523
523
525
525
526
526
528
530
530
532
532
533
534
534
535
535
538
538
539
540
541
541
541
542
544
545
546
548
549
550
551
551
551
551
555
555
557
559
559
561
562
562
564
565
565
567
568
568
570
571
572
575
575
577
577
580
581
581
584
584
585
586
586
586
587
588
589
589
589
590
590
592
593
594
594
598
600
604
604
604
605
605
606
606
607
607
607
607
608
608
608
609
610
610
610
612
613
613
615
616
619
620
621
623
624
624
625
626
626
627
627
630
630
631
631
631
632
634
634
634
636
637
638
640
641
642
642
643
644
644
645
645
646
646
648
650
651
652
652
652
653
653
655
656
656
658
658
658
659
660
661
661
661
662
662
663
668
668
668
668
670
670
671
672
672
673
673
674
674
675
677
679
680
681
684
688
689
690
691
692
694
696
697
699
701
704
704
705
706
707
708
710
711
712
712
712
713
714
715
715
716
718
718
720
721
721
722
722
723
724
724
726
726
726
727
729
731
732
734
734
735
735
736
739
739
740
741
742
743
743
744
745
745
746
746
747
747
747
748
749
750
751
753
753
753
757
758
762
762
763
764
764
765
766
767
772
774
774
775
776
777
778
782
782
783
784
786
786
787
788
788
789
790
792
794
794
795
799
799
800
800
800
803
803
804
804
804
806
807
807
808
808
808
809
810
811
811
812
812
813
813
813
814
815
817
818
819
820
820
820
821
822
825
826
826
830
830
831
832
832
833
834
835
835
838
838
839
839
840
841
842
844
845
845
845
845
846
847
849
849
850
850
851
853
854
854
855
857
857
857
859
860
862
863
863
864
866
866
868
869
871
871
872
872
872
873
873
875
877
877
878
879
879
880
880
881
884
884
886
887
889
889
891
892
894
894
895
896
896
897
898
898
901
901
901
906
906
908
909
911
912
914
914
915
916
919
920
920
921
921
923
924
924
924
925
927
929
930
930
931
931
932
934
934
934
936
939
939
941
942
944
949
950
953
955
955
956
957
958
959
959
960
960
961
964
964
965
966
966
966
967
967
967
968
971
971
972
973
975
975
975
975
976
977
980
980
980
982
984
985
985
986
988
988
989
989
989
990
991
993
993
994
996
996
997
998
998
998
