1000
0
2
3
4
5
6
9
9
11
11
11
12
13
17
17
18
19
19
19
23
23
24
24
24
25
25
26
26
26
26
28
29
29
30
31
31
32
32
32
32
34
34
35
35
36
37
38
41
42
43
45
46
48
48
48
50
52
55
55
56
57
57
57
57
58
59
59
60
61
61
63
63
63
64
64
64
65
65
66
66
68
68
68
68
68
71
74
77
78
78
79
80
82
82
83
85
88
89
90
91
91
92
92
92
93
94
94
94
95
95
96
97
99
99
100
100
101
102
102
103
103
105
105
107
108
109
112
114
116
116
118
119
120
121
122
122
123
123
126
127
128
129
129
129
131
131
132
133
134
134
134
134
136
137
137
137
137
137
137
139
140
141
142
143
144
145
146
147
147
148
151
154
154
155
155
155
156
158
158
159
159
159
159
160
161
162
164
165
165
166
167
169
171
171
171
172
172
172
173
174
175
176
176
177
178
181
182
182
182
184
184
185
186
186
186
186
188
190
191
192
194
194
197
197
198
199
199
200
203
203
206
206
206
207
211
211
217
217
218
218
218
221
222
222
222
223
223
223
223
225
226
226
227
227
228
229
231
234
234
234
234
236
237
238
239
239
239
239
239
241
242
242
243
245
245
249
251
253
254
256
258
260
261
261
262
262
262
262
265
266
269
269
270
272
272
272
273
273
278
279
279
282
283
283
284
284
289
289
290
291
294
294
295
295
296
296
297
298
298
299
299
302
302
303
303
303
306
306
307
307
310
311
312
312
315
315
315
317
318
319
320
321
321
322
322
323
323
324
325
328
328
330
331
331
332
333
333
336
336
336
336
338
338
338
339
340
343
343
343
344
345
346
347
348
350
351
354
355
355
355
356
356
358
358
359
359
361
364
365
365
367
367
368
369
372
372
373
374
374
375
376
377
378
380
380
380
382
383
383
385
385
386
386
387
388
388
388
388
389
389
389
390
391
393
394
394
395
395
397
401
401
401
402
404
405
406
406
406
407
409
410
410
411
412
413
413
414
416
417
417
418
419
420
421
422
424
424
425
425
426
429
429
430
431
431
432
434
435
436
437
439
440
442
444
444
445
446
446
447
449
450
451
452
459
462
464
464
464
465
466
467
468
469
470
470
472
472
474
478
478
479
479
484
486
487
488
490
490
490
491
493
493
494
494
494
496
497
501
501
501
504
505
507
509
510
513
513
514
514
514
515
517
518
520
520
520
523
523
524
525
525
526
527
527
527
527
528
530
531
531
532
532
534
535
535
536
537
538
544
546
546
551
552
553
555
555
555
556
557
559
560
563
565
566
566
569
570
572
573
573
575
576
578
578
579
581
581
582
583
584
584
586
586
586
588
588
589
591
591
591
592
592
594
595
596
597
599
599
600
601
601
601
602
604
605
605
607
607
607
608
610
611
612
612
618
619
621
621
621
621
623
624
625
626
627
627
627
628
629
629
630
630
631
631
631
634
634
636
636
639
642
642
643
643
645
647
648
649
649
651
652
653
653
654
655
656
656
657
657
659
661
662
664
668
669
671
672
672
673
674
674
675
675
680
680
680
680
681
682
685
686
687
687
687
688
688
689
689
689
690
690
691
693
694
695
695
699
699
701
705
707
709
710
711
715
716
716
717
718
719
721
722
722
724
724
725
725
725
726
726
729
729
730
730
731
732
733
735
736
739
742
743
744
746
747
749
751
752
752
752
756
756
760
761
766
766
768
768
768
771
772
775
776
777
779
779
780
782
782
782
784
785
787
788
789
789
790
792
793
793
793
795
796
799
803
805
806
807
808
808
808
815
816
819
819
820
820
821
821
822
824
825
825
825
826
826
826
827
827
828
830
832
832
832
834
835
835
838
838
838
839
840
840
841
845
848
848
848
849
849
850
850
851
853
856
860
861
861
862
864
865
866
867
867
870
871
872
873
873
875
875
875
876
876
876
876
877
878
879
879
880
881
882
883
884
885
887
888
890
890
891
892
893
894
895
896
897
898
898
899
900
901
903
904
905
905
908
908
908
908
909
913
916
917
917
918
918
919
920
921
921
922
922
922
922
923
925
926
928
929
930
930
932
933
935
935
936
937
937
937
938
938
940
941
941
942
943
943
944
945
945
945
947
948
948
949
949
950
952
952
953
953
953
955
955
956
957
958
959
960
960
960
960
960
960
962
962
962
962
963
963
965
965
967
968
968
968
969
969
969
970
971
972
973
974
978
979
982
983
984
985
987
988
988
988
990
990
991
992
992
993
993
995
995
996
996
996
997
997
999
