10000
1
1
3
3
5
5
6
7
8
9
10
11
13
15
15
16
17
18
19
20
20
21
21
22
23
24
26
27
28
28
28
29
29
30
31
32
33
35
36
36
37
38
39
40
40
41
42
42
43
44
45
45
46
47
47
48
49
51
51
51
52
52
52
53
54
54
56
56
57
58
59
61
63
63
64
66
66
70
71
71
71
72
74
74
74
75
76
77
77
77
79
82
84
84
85
85
88
89
89
91
91
92
93
93
95
96
98
98
99
100
100
101
102
103
106
110
115
115
116
117
120
120
123
123
125
127
128
132
132
133
136
136
136
137
137
138
138
142
143
145
148
149
149
149
150
150
151
152
154
154
155
156
157
157
157
158
159
161
161
161
161
164
164
164
165
166
166
167
168
168
171
172
172
172
172
174
176
177
178
178
180
181
186
188
188
188
188
189
189
189
190
191
192
193
193
193
194
196
198
198
198
199
200
200
200
200
201
203
204
205
206
207
209
210
210
211
211
216
216
217
217
218
218
218
219
222
224
225
226
226
226
227
228
228
230
230
231
231
231
232
233
233
234
234
234
235
235
237
240
241
244
248
248
253
254
254
259
260
260
263
263
263
264
264
266
266
267
267
271
275
275
275
275
275
276
278
279
281
282
284
284
284
285
285
285
286
286
286
287
289
290
290
293
293
294
294
294
295
295
295
296
296
298
299
301
302
302
303
305
307
308
308
308
311
313
313
316
317
317
317
321
322
323
324
325
329
329
329
334
335
335
335
337
337
338
339
339
339
339
339
340
340
342
343
344
344
345
346
347
347
348
348
349
350
350
350
350
351
355
356
358
358
358
361
362
364
365
365
366
369
369
371
372
376
377
377
378
379
380
382
382
382
384
384
385
386
387
388
388
388
390
393
395
395
395
396
398
399
400
402
403
403
403
404
404
404
405
406
409
409
410
410
411
411
411
413
413
415
417
417
419
419
420
420
423
425
426
428
428
428
430
431
432
433
435
435
435
436
437
437
438
438
439
440
440
440
444
445
446
446
447
448
448
448
448
449
450
453
454
455
456
456
457
459
460
461
462
465
467
468
468
468
470
471
472
473
473
474
475
475
478
478
479
482
484
485
487
487
488
489
493
494
495
496
497
499
501
501
503
504
504
505
505
506
506
510
512
513
514
514
515
517
517
517
517
521
521
521
521
521
523
525
525
526
527
531
533
534
535
536
537
537
537
538
538
539
540
540
541
541
541
542
544
545
546
546
546
547
547
548
549
553
553
554
557
557
567
569
570
572
572
573
575
576
578
580
581
581
582
583
585
585
586
586
586
586
587
588
589
589
589
592
592
594
595
595
596
597
598
599
599
601
601
602
602
606
607
607
608
608
608
611
612
614
615
616
617
617
619
619
619
620
622
622
627
628
630
631
631
635
639
640
641
642
643
644
644
645
645
647
648
650
650
651
651
651
652
653
654
654
659
660
662
663
663
664
666
668
670
670
671
671
671
672
672
674
675
676
676
677
677
679
680
680
680
682
683
683
685
685
687
689
689
689
690
690
691
691
692
694
694
694
695
695
696
696
697
697
698
698
698
700
701
702
702
704
707
707
708
714
717
718
719
719
720
720
721
722
722
723
724
725
727
729
730
730
730
730
730
733
734
735
736
737
737
739
739
740
741
741
742
742
743
744
745
748
749
749
750
751
754
755
755
755
756
757
758
759
759
760
760
760
761
764
765
765
766
767
768
769
770
773
774
776
777
777
778
781
781
782
783
785
785
785
786
787
787
787
788
788
789
790
790
791
791
792
794
795
796
796
796
797
798
799
801
801
803
808
809
811
813
813
814
814
815
815
816
816
819
819
820
823
823
824
824
824
825
827
827
828
828
828
828
829
829
829
830
830
830
832
832
833
834
834
834
836
838
840
841
842
843
843
843
844
846
847
850
850
850
851
853
853
853
853
855
856
858
858
859
859
859
860
860
861
861
861
862
864
864
865
865
867
869
870
870
871
871
871
871
872
872
876
877
879
880
880
881
881
882
882
882
883
885
888
888
889
889
889
890
891
893
894
895
895
895
895
896
896
898
898
899
900
902
905
910
910
912
912
912
913
915
915
916
919
920
921
921
921
922
922
923
924
925
932
932
934
934
935
935
936
936
938
938
941
941
942
944
945
947
949
949
951
952
953
955
955
957
958
958
963
966
969
970
972
972
974
978
979
980
981
981
982
982
983
983
984
984
986
988
989
991
994
998
998
1000
1001
1004
1005
1006
1010
1011
1011
1013
1014
1014
1014
1016
1017
1018
1019
1020
1022
1025
1028
1028
1028
1031
1031
1032
1033
1033
1033
1034
1037
1037
1037
1038
1039
1040
1041
1042
1042
1042
1042
1043
1043
1044
1044
1044
1045
1046
1046
1046
1047
1047
1048
1049
1051
1053
1056
1056
1058
1058
1059
1059
1060
1061
1062
1062
1064
1065
1066
1066
1070
1071
1072
1072
1073
1075
1075
1077
1077
1078
1081
1085
1085
1085
1085
1086
1087
1088
1089
1090
1090
1091
1094
1095
1095
1095
1095
1096
1096
1096
1096
1097
1098
1098
1098
1098
1099
1099
1100
1101
1103
1103
1103
1104
1104
1106
1107
1108
1110
1111
1111
1111
1113
1113
1120
1122
1123
1123
1124
1124
1126
1127
1127
1128
1128
1129
1131
1135
1135
1135
1135
1135
1136
1136
1138
1142
1143
1144
1146
1148
1150
1150
1150
1150
1151
1153
1155
1156
1159
1162
1166
1167
1168
1169
1171
1172
1172
1172
1174
1174
1175
1176
1176
1176
1179
1179
1179
1183
1184
1184
1184
1185
1185
1185
1186
1187
1190
1190
1190
1191
1192
1192
1193
1194
1195
1195
1196
1196
1197
1198
1198
1200
1200
1201
1201
1201
1203
1204
1205
1207
1208
1209
1209
1210
1210
1211
1211
1211
1212
1214
1214
1214
1217
1217
1218
1221
1221
1221
1223
1223
1224
1225
1225
1226
1226
1227
1229
1231
1231
1233
1234
1235
1236
1236
1237
1237
1237
1239
1239
1240
1240
1241
1241
1241
1242
1242
1243
1245
1246
1248
1249
1249
1249
1249
1250
1251
1253
1253
1254
1254
1254
1254
1256
1259
1261
1262
1262
1262
1263
1263
1264
1267
1267
1267
1268
1271
1271
1272
1274
1276
1277
1277
1279
1280
1281
1282
1282
1283
1283
1283
1284
1284
1284
1286
1287
1288
1289
1289
1290
1290
1292
1292
1293
1294
1294
1294
1295
1296
1296
1298
1299
1303
1303
1304
1305
1305
1305
1306
1307
1307
1310
1311
1311
1311
1314
1314
1315
1315
1317
1317
1321
1324
1324
1325
1325
1326
1326
1327
1327
1328
1329
1330
1330
1332
1332
1333
1334
1337
1337
1338
1339
1341
1342
1343
1345
1346
1346
1349
1349
1350
1350
1350
1351
1354
1355
1355
1355
1355
1355
1356
1356
1357
1357
1357
1359
1359
1359
1359
1361
1363
1364
1364
1365
1366
1369
1370
1370
1371
1371
1372
1373
1374
1375
1375
1375
1380
1382
1383
1383
1385
1387
1387
1388
1388
1389
1389
1390
1390
1390
1391
1392
1393
1395
1396
1396
1399
1399
1401
1401
1402
1402
1403
1403
1404
1404
1405
1408
1408
1411
1411
1412
1412
1414
1418
1420
1421
1421
1422
1424
1425
1427
1427
1427
1428
1429
1429
1430
1430
1432
1433
1433
1434
1434
1436
1437
1439
1439
1440
1441
1441
1442
1444
1444
1445
1446
1447
1451
1452
1453
1456
1457
1458
1463
1463
1463
1463
1464
1464
1466
1467
1468
1468
1469
1469
1471
1473
1473
1473
1474
1474
1475
1476
1477
1479
1479
1480
1480
1480
1482
1482
1487
1488
1489
1489
1489
1490
1493
1493
1494
1498
1498
1499
1500
1501
1501
1501
1503
1504
1505
1505
1506
1506
1506
1508
1509
1509
1509
1509
1510
1512
1513
1513
1514
1514
1516
1517
1519
1523
1523
1525
1527
1529
1529
1531
1532
1532
1534
1535
1536
1536
1537
1537
1538
1539
1539
1540
1540
1540
1540
1542
1542
1542
1542
1542
1543
1543
1544
1545
1545
1546
1546
1548
1551
1556
1558
1558
1559
1560
1560
1561
1561
1561
1562
1563
1563
1564
1564
1565
1566
1566
1568
1569
1570
1571
1572
1573
1573
1574
1575
1575
1575
1576
1576
1578
1579
1580
1582
1583
1583
1584
1585
1585
1586
1586
1586
1588
1589
1589
1591
1592
1593
1594
1594
1594
1596
1599
1600
1600
1601
1604
1604
1607
1608
1610
1612
1614
1614
1616
1616
1618
1621
1624
1627
1627
1628
1629
1631
1631
1631
1632
1633
1635
1636
1637
1637
1637
1638
1638
1638
1638
1638
1639
1640
1640
1642
1644
1646
1646
1647
1649
1650
1650
1650
1651
1651
1652
1652
1652
1653
1653
1654
1654
1655
1655
1656
1657
1658
1659
1661
1666
1667
1667
1668
1668
1669
1670
1672
1672
1674
1674
1676
1678
1679
1681
1682
1683
1683
1684
1685
1686
1686
1689
1690
1690
1693
1694
1694
1694
1695
1695
1695
1696
1696
1697
1698
1701
1702
1702
1702
1704
1705
1706
1706
1708
1711
1714
1716
1718
1719
1719
1720
1721
1721
1722
1725
1727
1729
1730
1730
1734
1735
1738
1738
1739
1740
1743
1743
1743
1743
1744
1745
1745
1746
1746
1747
1748
1749
1751
1751
1753
1755
1757
1760
1761
1761
1761
1762
1762
1762
1763
1763
1763
1763
1764
1765
1765
1766
1766
1771
1771
1772
1772
1772
1774
1774
1775
1777
1777
1777
1778
1780
1780
1781
1786
1789
1790
1792
1794
1795
1795
1795
1796
1798
1798
1798
1800
1801
1802
1804
1804
1805
1806
1806
1806
1807
1807
1808
1808
1810
1810
1812
1814
1815
1816
1817
1817
1817
1819
1819
1820
1821
1822
1822
1827
1829
1830
1830
1831
1836
1836
1836
1837
1837
1837
1837
1839
1839
1841
1842
1842
1842
1844
1846
1847
1848
1849
1850
1851
1852
1852
1853
1854
1854
1855
1856
1856
1857
1857
1859
1859
1859
1859
1861
1861
1862
1863
1864
1864
1865
1866
1866
1866
1867
1867
1867
1869
1870
1871
1871
1871
1872
1874
1876
1878
1879
1879
1879
1880
1881
1881
1883
1884
1884
1885
1887
1890
1892
1893
1893
1896
1897
1897
1899
1899
1903
1904
1904
1904
1905
1906
1908
1908
1909
1909
1910
1910
1911
1913
1914
1916
1916
1917
1919
1921
1922
1924
1930
1930
1932
1932
1933
1935
1936
1938
1945
1946
1947
1947
1948
1949
1949
1950
1951
1953
1953
1953
1953
1954
1955
1955
1956
1956
1958
1959
1963
1963
1963
1965
1966
1966
1967
1972
1972
1973
1975
1978
1979
1981
1981
1982
1982
1984
1985
1988
1988
1988
1989
1993
1995
1996
1998
1999
1999
2002
2003
2004
2004
2005
2005
2006
2006
2007
2008
2009
2009
2011
2011
2011
2011
2012
2015
2016
2016
2017
2018
2018
2020
2022
2023
2023
2024
2024
2027
2027
2027
2029
2030
2030
2031
2031
2032
2032
2033
2034
2036
2038
2038
2040
2041
2042
2042
2042
2043
2045
2045
2046
2046
2048
2048
2048
2049
2051
2051
2052
2052
2052
2054
2055
2057
2058
2059
2060
2067
2067
2069
2071
2071
2074
2074
2074
2074
2079
2080
2081
2081
2082
2082
2084
2086
2087
2088
2089
2093
2093
2093
2094
2095
2098
2099
2100
2101
2103
2104
2104
2104
2105
2106
2106
2109
2110
2113
2114
2114
2115
2116
2116
2117
2118
2121
2121
2124
2124
2124
2125
2125
2125
2125
2125
2126
2126
2127
2127
2130
2130
2132
2132
2132
2132
2134
2135
2137
2137
2138
2139
2139
2140
2140
2140
2140
2142
2142
2142
2142
2142
2145
2145
2146
2146
2146
2147
2149
2149
2149
2151
2151
2152
2153
2154
2155
2155
2155
2156
2157
2157
2159
2160
2160
2160
2161
2162
2162
2163
2165
2166
2166
2166
2166
2168
2171
2172
2172
2172
2173
2174
2176
2176
2178
2178
2179
2179
2180
2180
2183
2183
2183
2184
2185
2186
2186
2189
2189
2190
2190
2192
2192
2192
2193
2193
2193
2193
2195
2199
2200
2200
2203
2203
2203
2204
2204
2205
2205
2207
2207
2207
2209
2216
2218
2220
2220
2221
2222
2222
2224
2227
2227
2228
2228
2229
2229
2231
2235
2236
2236
2237
2237
2238
2239
2241
2241
2241
2242
2242
2242
2242
2245
2248
2250
2252
2254
2255
2256
2260
2260
2262
2263
2263
2264
2265
2266
2266
2266
2267
2267
2268
2268
2269
2273
2274
2274
2275
2275
2276
2277
2279
2279
2279
2280
2280
2282
2282
2283
2283
2284
2288
2288
2289
2290
2290
2291
2291
2292
2295
2297
2299
2301
2302
2302
2303
2304
2304
2304
2304
2306
2307
2307
2307
2308
2309
2313
2313
2314
2315
2315
2318
2319
2320
2320
2320
2321
2322
2322
2323
2324
2324
2328
2329
2330
2331
2332
2335
2336
2337
2338
2339
2340
2342
2342
2342
2343
2343
2343
2343
2344
2344
2345
2345
2347
2347
2348
2348
2349
2352
2352
2354
2355
2356
2357
2359
2360
2361
2363
2364
2364
2366
2366
2368
2368
2371
2374
2378
2380
2380
2383
2383
2384
2386
2386
2388
2388
2389
2389
2390
2390
2391
2391
2392
2395
2395
2396
2396
2397
2397
2399
2399
2401
2401
2403
2403
2404
2405
2406
2408
2410
2411
2413
2413
2413
2414
2414
2415
2415
2416
2418
2418
2419
2420
2420
2423
2424
2425
2425
2425
2427
2429
2430
2430
2433
2433
2433
2433
2434
2435
2436
2437
2438
2439
2440
2441
2441
2443
2444
2446
2447
2447
2448
2449
2450
2450
2450
2452
2454
2456
2460
2460
2461
2461
2463
2464
2465
2466
2467
2468
2469
2469
2471
2471
2474
2477
2477
2478
2478
2478
2478
2481
2482
2483
2483
2483
2483
2484
2485
2485
2485
2489
2490
2491
2491
2494
2495
2495
2498
2499
2500
2501
2501
2502
2503
2504
2505
2505
2506
2506
2506
2510
2510
2513
2513
2513
2513
2515
2516
2522
2522
2522
2525
2526
2527
2528
2530
2530
2532
2532
2532
2533
2534
2534
2534
2535
2538
2539
2539
2541
2541
2542
2542
2545
2545
2546
2546
2546
2547
2550
2550
2552
2552
2552
2556
2558
2559
2559
2560
2560
2560
2562
2563
2564
2566
2566
2567
2567
2569
2573
2574
2575
2576
2577
2578
2578
2579
2582
2587
2587
2587
2588
2589
2590
2593
2593
2593
2593
2594
2594
2594
2595
2596
2596
2596
2596
2598
2599
2599
2600
2604
2604
2605
2606
2606
2607
2608
2609
2609
2609
2614
2615
2616
2617
2618
2620
2621
2623
2625
2625
2626
2626
2627
2628
2629
2630
2631
2633
2635
2635
2635
2636
2638
2639
2639
2640
2642
2643
2643
2644
2644
2644
2645
2645
2646
2646
2648
2649
2649
2649
2650
2651
2651
2651
2652
2652
2652
2652
2653
2654
2655
2656
2660
2660
2662
2664
2664
2665
2665
2665
2667
2667
2672
2673
2674
2675
2676
2679
2679
2681
2681
2681
2683
2683
2684
2684
2684
2685
2686
2687
2687
2688
2689
2692
2692
2692
2695
2695
2695
2696
2696
2698
2701
2703
2704
2705
2706
2708
2709
2712
2712
2712
2714
2719
2720
2720
2720
2721
2724
2725
2725
2726
2728
2729
2730
2731
2733
2734
2736
2739
2739
2742
2743
2744
2745
2748
2750
2752
2754
2754
2756
2757
2759
2760
2760
2763
2764
2765
2765
2767
2768
2768
2771
2771
2772
2774
2776
2776
2776
2779
2780
2782
2786
2790
2790
2790
2793
2793
2794
2794
2795
2795
2795
2796
2796
2799
2800
2801
2801
2802
2802
2803
2804
2805
2808
2809
2809
2809
2809
2812
2812
2812
2813
2814
2815
2815
2816
2816
2817
2817
2817
2818
2819
2819
2820
2822
2823
2823
2824
2825
2827
2827
2832
2832
2833
2833
2833
2834
2835
2838
2840
2840
2840
2842
2843
2843
2843
2846
2848
2849
2850
2852
2854
2857
2857
2858
2859
2859
2862
2863
2864
2864
2866
2867
2867
2868
2869
2869
2869
2870
2870
2870
2871
2872
2874
2875
2875
2875
2877
2884
2884
2884
2886
2886
2887
2887
2892
2895
2896
2898
2898
2899
2904
2905
2906
2906
2907
2908
2909
2910
2910
2910
2912
2912
2913
2915
2915
2917
2920
2920
2921
2922
2924
2927
2927
2929
2930
2931
2931
2932
2934
2934
2935
2935
2936
2937
2938
2938
2938
2939
2939
2939
2944
2944
2944
2944
2945
2945
2947
2947
2948
2949
2949
2949
2953
2955
2955
2955
2957
2958
2959
2960
2961
2962
2963
2964
2964
2964
2965
2965
2966
2967
2968
2970
2970
2970
2971
2971
2972
2972
2972
2972
2973
2973
2975
2976
2977
2978
2978
2979
2980
2981
2981
2982
2984
2984
2987
2989
2989
2990
2991
2994
2996
2997
2998
2998
2999
3000
3000
3001
3001
3002
3003
3005
3006
3006
3007
3009
3009
3010
3010
3011
3011
3011
3014
3014
3014
3015
3015
3016
3017
3021
3024
3025
3026
3027
3029
3032
3033
3033
3033
3034
3036
3037
3037
3038
3039
3039
3042
3045
3046
3046
3047
3048
3050
3050
3051
3055
3056
3056
3058
3059
3062
3062
3062
3063
3063
3063
3064
3065
3065
3065
3066
3067
3068
3069
3071
3072
3073
3074
3074
3074
3076
3076
3077
3077
3080
3080
3080
3082
3083
3084
3085
3085
3085
3087
3088
3088
3089
3093
3094
3097
3098
3101
3102
3103
3104
3104
3105
3105
3107
3107
3107
3108
3109
3109
3110
3113
3115
3119
3119
3122
3123
3123
3124
3124
3125
3126
3126
3128
3129
3129
3130
3130
3133
3133
3135
3135
3137
3138
3140
3140
3140
3140
3141
3141
3144
3145
3146
3147
3148
3149
3151
3152
3153
3153
3153
3154
3157
3158
3159
3160
3161
3162
3163
3166
3166
3167
3168
3168
3169
3172
3173
3175
3175
3175
3177
3177
3178
3178
3178
3182
3182
3184
3184
3185
3187
3187
3187
3188
3189
3189
3190
3190
3191
3191
3192
3192
3196
3196
3197
3198
3198
3198
3199
3202
3202
3203
3203
3203
3203
3204
3204
3204
3205
3206
3206
3206
3207
3209
3209
3211
3211
3211
3213
3214
3216
3222
3222
3223
3223
3224
3224
3227
3228
3228
3228
3228
3230
3231
3231
3231
3232
3234
3234
3234
3235
3237
3238
3239
3241
3244
3246
3246
3247
3247
3247
3248
3249
3251
3252
3257
3258
3259
3260
3260
3261
3261
3261
3262
3262
3264
3265
3265
3266
3266
3266
3266
3267
3270
3271
3272
3273
3273
3274
3276
3276
3277
3277
3278
3278
3280
3281
3281
3281
3282
3284
3284
3285
3285
3286
3287
3288
3289
3289
3289
3290
3291
3292
3295
3296
3296
3298
3299
3300
3300
3301
3301
3303
3304
3304
3305
3305
3309
3310
3310
3311
3311
3314
3315
3315
3318
3318
3319
3319
3319
3320
3320
3321
3322
3324
3325
3326
3328
3329
3329
3331
3331
3332
3333
3333
3333
3333
3334
3334
3335
3335
3339
3341
3341
3343
3343
3343
3344
3346
3347
3352
3352
3353
3354
3355
3357
3359
3360
3361
3361
3362
3366
3366
3366
3369
3371
3373
3374
3374
3376
3377
3379
3381
3381
3382
3382
3385
3385
3386
3388
3389
3389
3391
3391
3391
3391
3392
3392
3392
3393
3393
3394
3395
3396
3397
3397
3397
3397
3397
3399
3399
3400
3401
3402
3403
3403
3404
3404
3405
3406
3407
3408
3409
3411
3412
3415
3415
3415
3418
3419
3419
3422
3422
3423
3424
3424
3425
3425
3425
3426
3427
3430
3433
3433
3434
3436
3436
3437
3441
3441
3443
3443
3444
3446
3447
3448
3448
3449
3449
3449
3451
3452
3452
3453
3454
3455
3455
3455
3456
3456
3456
3457
3459
3459
3460
3462
3463
3465
3467
3467
3467
3467
3469
3469
3470
3472
3472
3473
3474
3474
3474
3475
3475
3475
3475
3476
3477
3478
3479
3479
3480
3480
3481
3481
3482
3482
3482
3483
3484
3484
3484
3485
3485
3485
3486
3486
3487
3488
3489
3490
3490
3491
3491
3491
3492
3492
3493
3495
3495
3495
3496
3496
3497
3497
3499
3505
3505
3506
3507
3508
3509
3512
3516
3519
3519
3521
3522
3526
3526
3527
3527
3528
3529
3530
3530
3531
3531
3532
3533
3534
3534
3534
3534
3535
3535
3536
3539
3539
3540
3542
3543
3546
3547
3548
3548
3550
3550
3550
3551
3551
3552
3555
3555
3556
3557
3558
3560
3561
3561
3565
3568
3568
3570
3570
3571
3572
3574
3577
3578
3581
3581
3581
3582
3582
3582
3583
3585
3585
3587
3588
3588
3588
3589
3590
3591
3591
3592
3592
3594
3595
3595
3597
3598
3599
3600
3601
3602
3602
3602
3604
3606
3607
3608
3609
3609
3610
3614
3615
3616
3617
3619
3619
3620
3620
3620
3621
3621
3624
3625
3625
3625
3627
3627
3627
3627
3628
3629
3631
3632
3633
3635
3638
3638
3638
3640
3640
3641
3642
3642
3643
3645
3646
3647
3647
3647
3647
3648
3648
3649
3651
3652
3652
3653
3654
3655
3656
3658
3658
3659
3661
3661
3662
3662
3664
3664
3664
3664
3665
3665
3666
3666
3667
3667
3668
3669
3669
3670
3670
3670
3672
3672
3673
3674
3677
3678
3679
3680
3681
3681
3682
3683
3686
3688
3689
3690
3691
3691
3691
3693
3695
3695
3700
3701
3701
3705
3706
3707
3707
3707
3708
3708
3708
3710
3710
3711
3711
3711
3712
3715
3716
3716
3716
3717
3717
3718
3719
3719
3719
3720
3721
3722
3724
3725
3732
3732
3733
3734
3735
3736
3738
3742
3742
3744
3744
3746
3746
3746
3747
3747
3749
3750
3752
3752
3753
3756
3757
3758
3758
3758
3758
3758
3759
3760
3760
3761
3762
3763
3763
3764
3765
3765
3766
3768
3770
3770
3771
3771
3771
3773
3774
3776
3776
3778
3779
3780
3783
3783
3784
3784
3786
3786
3787
3787
3787
3788
3790
3790
3791
3791
3794
3794
3794
3795
3796
3796
3796
3797
3797
3801
3802
3802
3804
3805
3805
3806
3806
3806
3806
3807
3807
3810
3813
3814
3815
3816
3817
3819
3819
3820
3822
3823
3823
3823
3825
3826
3826
3827
3828
3829
3831
3832
3833
3833
3834
3835
3835
3836
3838
3838
3838
3839
3839
3841
3842
3843
3843
3843
3846
3846
3847
3848
3849
3851
3853
3853
3856
3858
3858
3858
3863
3863
3864
3866
3867
3867
3868
3870
3874
3874
3875
3876
3878
3879
3880
3880
3881
3882
3884
3885
3886
3887
3887
3888
3889
3890
3892
3892
3892
3892
3893
3893
3893
3894
3894
3895
3896
3899
3899
3900
3900
3901
3901
3903
3903
3905
3905
3906
3907
3909
3909
3909
3910
3911
3911
3912
3914
3917
3918
3920
3921
3923
3923
3924
3926
3927
3929
3930
3931
3931
3932
3933
3934
3936
3937
3939
3941
3942
3942
3942
3943
3943
3945
3946
3947
3948
3948
3948
3948
3949
3950
3950
3951
3951
3952
3953
3953
3954
3956
3956
3959
3960
3960
3963
3963
3963
3966
3966
3967
3970
3972
3974
3975
3977
3978
3978
3979
3979
3979
3980
3981
3982
3983
3983
3985
3985
3985
3985
3987
3989
3992
3993
3996
3997
3998
3998
3998
3999
3999
4001
4001
4002
4002
4003
4004
4004
4004
4004
4010
4010
4010
4010
4011
4012
4014
4014
4015
4015
4016
4016
4020
4021
4023
4025
4026
4028
4029
4029
4032
4037
4038
4039
4041
4043
4043
4043
4043
4044
4044
4045
4045
4046
4048
4049
4049
4049
4054
4055
4056
4056
4058
4062
4063
4063
4064
4064
4064
4065
4066
4067
4068
4069
4071
4071
4071
4071
4073
4075
4076
4076
4077
4078
4078
4078
4080
4081
4083
4084
4085
4086
4087
4088
4089
4090
4091
4092
4095
4096
4096
4097
4098
4103
4106
4108
4109
4109
4111
4111
4112
4112
4112
4113
4114
4116
4116
4118
4118
4121
4122
4125
4125
4127
4130
4131
4134
4134
4135
4135
4135
4135
4136
4136
4136
4139
4140
4140
4142
4143
4144
4144
4144
4147
4147
4149
4149
4149
4149
4154
4154
4156
4158
4159
4159
4159
4160
4160
4160
4161
4162
4162
4162
4163
4163
4163
4165
4165
4166
4166
4168
4168
4168
4168
4168
4169
4170
4170
4171
4172
4172
4172
4172
4173
4175
4175
4177
4177
4178
4179
4180
4180
4181
4181
4181
4182
4182
4182
4183
4184
4184
4184
4184
4184
4184
4185
4185
4185
4188
4188
4189
4189
4190
4191
4193
4194
4195
4196
4197
4198
4198
4200
4200
4200
4201
4205
4207
4207
4207
4208
4209
4210
4210
4210
4210
4211
4211
4211
4214
4214
4216
4216
4216
4217
4217
4218
4219
4220
4221
4223
4224
4224
4224
4225
4227
4227
4227
4228
4229
4229
4230
4234
4236
4236
4237
4239
4239
4239
4240
4240
4242
4242
4243
4244
4244
4245
4245
4245
4246
4247
4249
4249
4250
4250
4253
4253
4254
4254
4256
4262
4264
4266
4266
4266
4267
4268
4268
4268
4270
4272
4273
4273
4274
4274
4279
4279
4279
4279
4280
4281
4283
4284
4284
4284
4285
4286
4287
4287
4288
4288
4290
4292
4292
4295
4299
4300
4300
4300
4300
4301
4302
4303
4303
4304
4304
4305
4307
4308
4308
4309
4309
4312
4312
4312
4312
4314
4315
4318
4318
4319
4323
4324
4325
4326
4327
4328
4333
4334
4335
4335
4336
4337
4339
4341
4343
4343
4344
4346
4346
4347
4348
4349
4350
4350
4351
4352
4352
4352
4353
4356
4356
4356
4357
4357
4358
4358
4358
4358
4359
4359
4359
4359
4361
4362
4366
4367
4368
4370
4371
4379
4380
4381
4384
4384
4384
4385
4387
4387
4388
4389
4389
4390
4391
4393
4394
4394
4396
4397
4397
4397
4397
4398
4398
4398
4399
4399
4401
4401
4403
4404
4405
4405
4405
4406
4407
4409
4411
4413
4414
4416
4416
4416
4417
4417
4418
4419
4419
4420
4421
4421
4422
4422
4422
4423
4423
4427
4428
4430
4431
4433
4434
4435
4436
4437
4438
4438
4439
4439
4441
4442
4445
4446
4446
4447
4447
4449
4453
4454
4455
4455
4456
4456
4456
4456
4457
4457
4462
4463
4463
4464
4464
4466
4470
4470
4471
4474
4475
4477
4478
4478
4479
4480
4483
4485
4486
4487
4487
4487
4487
4491
4492
4493
4496
4497
4498
4498
4499
4499
4499
4501
4501
4503
4504
4504
4505
4506
4506
4507
4507
4510
4511
4511
4511
4512
4514
4514
4515
4516
4516
4517
4518
4518
4518
4518
4519
4520
4521
4521
4523
4523
4525
4526
4530
4533
4535
4538
4538
4538
4541
4542
4542
4543
4544
4546
4548
4551
4551
4553
4554
4554
4554
4555
4555
4556
4558
4558
4561
4562
4563
4564
4564
4565
4567
4568
4568
4568
4570
4571
4576
4577
4577
4578
4578
4580
4581
4583
4583
4585
4585
4588
4588
4589
4590
4590
4591
4594
4595
4595
4596
4597
4597
4599
4600
4601
4602
4603
4604
4605
4605
4605
4607
4607
4609
4609
4609
4610
4613
4615
4615
4616
4617
4617
4617
4617
4618
4619
4621
4624
4625
4625
4626
4626
4626
4626
4627
4627
4627
4628
4630
4630
4631
4632
4632
4632
4634
4635
4636
4636
4638
4638
4639
4639
4639
4639
4640
4640
4640
4643
4645
4646
4646
4646
4650
4650
4650
4651
4651
4652
4654
4655
4656
4656
4657
4657
4658
4659
4660
4660
4660
4661
4663
4664
4666
4668
4668
4671
4671
4671
4671
4672
4672
4672
4672
4674
4674
4675
4676
4676
4678
4680
4681
4683
4683
4684
4685
4685
4685
4685
4687
4688
4689
4690
4692
4694
4697
4697
4697
4699
4699
4699
4700
4700
4701
4702
4702
4702
4703
4703
4704
4704
4704
4705
4706
4712
4713
4715
4715
4717
4718
4718
4719
4719
4720
4720
4721
4722
4723
4723
4726
4726
4728
4731
4731
4732
4732
4733
4733
4733
4734
4735
4738
4739
4739
4740
4740
4740
4741
4741
4747
4747
4749
4751
4751
4753
4754
4755
4755
4756
4756
4759
4760
4761
4761
4761
4762
4762
4764
4765
4766
4768
4770
4771
4773
4775
4775
4776
4777
4777
4777
4777
4779
4779
4780
4780
4780
4782
4782
4783
4783
4785
4786
4787
4787
4788
4788
4788
4788
4790
4790
4791
4794
4795
4796
4796
4803
4804
4804
4806
4807
4807
4807
4809
4810
4810
4812
4813
4814
4814
4814
4814
4814
4814
4816
4817
4817
4817
4819
4819
4819
4820
4820
4820
4821
4821
4822
4822
4823
4823
4824
4824
4825
4825
4826
4829
4831
4832
4833
4834
4834
4834
4837
4837
4837
4839
4839
4839
4839
4839
4839
4840
4841
4841
4843
4843
4845
4846
4848
4849
4850
4851
4852
4852
4853
4856
4856
4857
4858
4858
4859
4860
4862
4862
4865
4865
4865
4866
4867
4868
4868
4869
4869
4869
4870
4870
4871
4873
4875
4875
4876
4877
4878
4878
4880
4880
4881
4881
4882
4883
4885
4886
4887
4890
4893
4894
4895
4896
4897
4898
4898
4900
4901
4903
4905
4905
4906
4909
4910
4910
4915
4916
4916
4917
4919
4919
4919
4919
4921
4921
4922
4925
4925
4926
4927
4927
4928
4929
4930
4930
4932
4933
4935
4935
4937
4937
4941
4941
4943
4943
4944
4944
4946
4948
4948
4949
4950
4953
4953
4956
4958
4959
4961
4963
4964
4964
4964
4966
4967
4969
4969
4970
4978
4978
4980
4981
4981
4982
4982
4983
4983
4984
4984
4985
4985
4986
4986
4988
4991
4993
4997
4997
4999
4999
5000
5001
5001
5002
5005
5007
5007
5012
5013
5015
5015
5017
5018
5018
5019
5019
5019
5020
5020
5023
5024
5024
5027
5028
5029
5031
5034
5035
5036
5036
5037
5038
5038
5038
5038
5039
5041
5043
5043
5043
5047
5047
5047
5048
5048
5051
5053
5055
5056
5056
5059
5059
5060
5061
5062
5063
5063
5065
5065
5066
5067
5067
5068
5069
5069
5070
5071
5071
5071
5077
5078
5080
5081
5081
5082
5083
5085
5085
5087
5088
5088
5090
5091
5095
5095
5095
5096
5097
5097
5097
5098
5098
5099
5100
5100
5101
5101
5104
5104
5104
5104
5105
5105
5106
5106
5106
5106
5108
5109
5111
5113
5114
5115
5115
5116
5117
5117
5120
5121
5121
5124
5124
5124
5125
5125
5125
5126
5127
5129
5130
5130
5131
5133
5133
5136
5137
5137
5138
5139
5142
5142
5143
5144
5145
5148
5148
5149
5149
5151
5151
5155
5155
5155
5156
5156
5156
5157
5160
5160
5160
5160
5161
5162
5165
5165
5166
5167
5167
5168
5168
5169
5170
5171
5172
5173
5173
5174
5174
5174
5174
5174
5174
5176
5178
5178
5179
5180
5181
5183
5183
5184
5185
5186
5187
5188
5188
5188
5189
5190
5191
5191
5191
5192
5194
5195
5195
5195
5199
5199
5200
5201
5202
5202
5205
5206
5207
5208
5208
5208
5209
5209
5210
5211
5212
5213
5214
5215
5215
5215
5217
5217
5219
5219
5221
5221
5222
5223
5224
5224
5226
5232
5233
5234
5234
5236
5236
5237
5239
5239
5242
5243
5244
5245
5245
5247
5250
5250
5252
5252
5253
5256
5257
5258
5258
5261
5262
5263
5263
5264
5265
5266
5267
5268
5268
5269
5269
5272
5276
5278
5278
5278
5279
5281
5282
5283
5285
5286
5286
5287
5288
5289
5289
5290
5291
5291
5293
5293
5294
5294
5295
5295
5295
5296
5298
5301
5302
5308
5308
5308
5308
5311
5312
5313
5314
5315
5317
5317
5318
5318
5319
5320
5320
5321
5322
5322
5322
5324
5326
5326
5329
5330
5330
5330
5331
5331
5332
5333
5333
5333
5336
5336
5336
5339
5340
5343
5346
5349
5349
5350
5351
5356
5357
5359
5360
5360
5361
5361
5361
5362
5363
5366
5366
5366
5368
5371
5371
5372
5375
5379
5380
5380
5382
5383
5383
5384
5385
5386
5386
5386
5391
5392
5393
5394
5395
5395
5396
5397
5399
5402
5403
5403
5405
5407
5407
5407
5410
5410
5410
5411
5411
5413
5413
5415
5416
5416
5418
5418
5418
5419
5421
5422
5422
5423
5425
5426
5429
5429
5429
5430
5430
5431
5431
5433
5435
5435
5437
5439
5439
5439
5441
5442
5442
5443
5443
5444
5445
5445
5446
5446
5447
5448
5449
5451
5452
5452
5453
5455
5456
5457
5457
5458
5458
5458
5459
5460
5462
5463
5466
5466
5466
5467
5470
5471
5471
5472
5473
5473
5474
5476
5481
5481
5482
5483
5486
5486
5487
5487
5488
5489
5489
5490
5491
5491
5491
5492
5492
5493
5495
5495
5496
5496
5497
5497
5498
5498
5498
5499
5501
5502
5504
5504
5505
5507
5507
5508
5508
5508
5509
5509
5510
5511
5514
5516
5516
5516
5517
5518
5518
5518
5519
5519
5520
5521
5522
5523
5524
5524
5529
5530
5530
5531
5531
5532
5535
5537
5538
5538
5540
5540
5540
5542
5543
5543
5543
5543
5545
5547
5548
5551
5553
5554
5554
5555
5555
5555
5556
5559
5560
5562
5562
5566
5567
5570
5570
5573
5574
5574
5575
5575
5576
5577
5578
5580
5580
5580
5581
5583
5586
5587
5587
5589
5590
5590
5591
5593
5594
5597
5600
5602
5602
5605
5605
5606
5606
5607
5609
5609
5610
5612
5614
5615
5615
5616
5616
5617
5618
5619
5623
5625
5625
5626
5627
5629
5630
5630
5631
5632
5635
5636
5638
5640
5640
5640
5640
5641
5641
5643
5643
5644
5644
5645
5645
5649
5649
5650
5650
5650
5653
5655
5656
5656
5659
5659
5660
5660
5661
5664
5665
5666
5668
5668
5669
5670
5670
5671
5674
5675
5677
5677
5681
5681
5683
5683
5683
5684
5685
5685
5689
5689
5690
5691
5691
5692
5692
5692
5693
5693
5695
5696
5697
5697
5697
5697
5698
5698
5698
5698
5699
5703
5703
5704
5704
5705
5705
5708
5708
5709
5710
5710
5710
5711
5711
5711
5712
5715
5715
5715
5716
5718
5718
5719
5720
5720
5720
5724
5726
5726
5728
5728
5729
5729
5731
5731
5732
5733
5733
5733
5733
5735
5736
5737
5737
5737
5738
5739
5740
5742
5744
5745
5746
5749
5750
5750
5751
5751
5752
5752
5753
5754
5756
5756
5758
5758
5760
5764
5765
5765
5766
5767
5769
5771
5771
5771
5772
5774
5775
5775
5775
5776
5777
5778
5779
5779
5780
5780
5781
5781
5781
5785
5786
5789
5791
5793
5793
5793
5794
5794
5795
5795
5796
5798
5799
5800
5802
5802
5803
5804
5804
5807
5812
5814
5815
5815
5816
5816
5816
5818
5820
5821
5821
5822
5822
5825
5825
5826
5827
5831
5831
5831
5832
5835
5837
5837
5837
5838
5839
5840
5840
5840
5842
5842
5842
5842
5843
5845
5848
5850
5851
5853
5857
5858
5860
5860
5862
5863
5864
5868
5868
5868
5868
5869
5871
5871
5872
5876
5879
5879
5879
5879
5879
5879
5880
5880
5883
5886
5887
5887
5888
5888
5891
5893
5893
5893
5893
5893
5894
5895
5897
5900
5900
5902
5902
5902
5904
5905
5907
5909
5910
5911
5913
5914
5915
5916
5916
5917
5918
5918
5918
5919
5921
5921
5921
5926
5928
5928
5929
5930
5930
5932
5933
5934
5935
5937
5938
5938
5939
5940
5941
5941
5941
5942
5943
5943
5943
5945
5945
5945
5946
5946
5948
5949
5949
5950
5950
5950
5950
5951
5955
5955
5958
5958
5959
5959
5960
5961
5963
5964
5966
5966
5967
5967
5969
5969
5970
5972
5972
5972
5974
5974
5975
5975
5975
5976
5977
5977
5980
5982
5985
5985
5986
5986
5988
5990
5992
5995
5996
5997
5998
5998
5999
5999
6001
6002
6004
6005
6006
6010
6010
6012
6014
6015
6017
6017
6019
6019
6019
6023
6024
6024
6026
6027
6027
6028
6031
6031
6035
6036
6036
6039
6040
6042
6043
6043
6043
6046
6049
6050
6050
6051
6051
6052
6053
6054
6057
6058
6059
6060
6060
6061
6061
6061
6064
6066
6066
6066
6066
6066
6067
6068
6071
6073
6074
6075
6076
6078
6079
6080
6080
6082
6083
6084
6086
6089
6089
6090
6090
6090
6091
6092
6093
6094
6096
6098
6101
6101
6102
6103
6104
6105
6105
6107
6108
6108
6108
6109
6109
6110
6111
6113
6117
6117
6118
6118
6120
6121
6121
6121
6121
6125
6125
6125
6126
6126
6127
6128
6129
6129
6132
6134
6134
6134
6135
6136
6136
6136
6136
6137
6138
6140
6141
6143
6144
6145
6145
6147
6147
6152
6153
6153
6154
6155
6157
6159
6159
6160
6162
6164
6164
6165
6165
6165
6165
6166
6167
6169
6169
6171
6174
6175
6175
6176
6176
6177
6179
6179
6182
6182
6182
6183
6183
6184
6184
6184
6186
6187
6187
6187
6187
6188
6189
6190
6190
6191
6191
6192
6192
6192
6193
6194
6195
6199
6199
6199
6199
6200
6201
6201
6201
6202
6203
6205
6210
6212
6212
6212
6214
6215
6215
6215
6215
6217
6217
6218
6218
6220
6224
6226
6226
6226
6227
6227
6228
6229
6230
6230
6231
6232
6233
6234
6234
6235
6235
6236
6236
6237
6239
6239
6240
6240
6242
6242
6244
6246
6249
6249
6251
6252
6252
6256
6256
6256
6257
6257
6257
6259
6261
6262
6264
6265
6265
6267
6269
6270
6273
6274
6274
6275
6276
6276
6277
6277
6281
6282
6283
6283
6285
6288
6290
6292
6292
6293
6293
6294
6294
6296
6296
6296
6297
6297
6298
6298
6299
6300
6300
6300
6301
6305
6306
6308
6308
6309
6310
6311
6312
6312
6314
6316
6316
6317
6318
6318
6318
6319
6320
6320
6323
6323
6325
6325
6328
6328
6329
6330
6330
6331
6331
6331
6332
6333
6335
6335
6336
6336
6336
6338
6338
6338
6339
6341
6341
6341
6341
6342
6346
6346
6347
6347
6347
6348
6349
6349
6350
6351
6353
6353
6353
6354
6354
6354
6355
6356
6356
6356
6357
6359
6360
6361
6362
6362
6362
6364
6364
6365
6365
6365
6366
6366
6368
6372
6374
6374
6375
6375
6378
6378
6379
6379
6380
6381
6384
6387
6388
6389
6390
6392
6393
6394
6395
6396
6397
6397
6398
6398
6399
6401
6402
6402
6403
6404
6404
6405
6406
6406
6406
6407
6407
6408
6408
6409
6409
6411
6412
6416
6417
6417
6418
6421
6422
6422
6423
6423
6426
6427
6428
6428
6429
6429
6429
6431
6432
6433
6434
6434
6435
6435
6435
6437
6438
6440
6440
6442
6445
6446
6451
6451
6452
6453
6454
6454
6454
6454
6454
6455
6455
6457
6457
6459
6459
6459
6461
6461
6461
6464
6465
6465
6466
6467
6468
6468
6469
6470
6471
6472
6479
6481
6481
6481
6485
6485
6486
6487
6487
6488
6492
6496
6498
6498
6499
6502
6502
6503
6503
6503
6504
6504
6505
6506
6507
6507
6509
6509
6509
6510
6511
6511
6511
6515
6516
6517
6517
6518
6518
6519
6522
6522
6526
6526
6527
6527
6529
6530
6532
6533
6533
6535
6536
6537
6538
6539
6539
6539
6539
6539
6540
6541
6541
6543
6545
6545
6545
6545
6546
6547
6548
6548
6548
6551
6555
6556
6557
6558
6558
6559
6562
6564
6566
6567
6572
6572
6572
6573
6573
6574
6574
6576
6577
6578
6579
6580
6581
6581
6582
6584
6584
6584
6588
6588
6588
6589
6589
6593
6593
6597
6598
6602
6602
6604
6604
6604
6607
6609
6609
6610
6610
6613
6616
6617
6620
6623
6624
6624
6624
6626
6627
6627
6631
6632
6632
6633
6635
6637
6638
6643
6647
6647
6647
6648
6649
6649
6650
6652
6652
6653
6654
6654
6655
6657
6658
6659
6661
6662
6665
6665
6666
6667
6668
6668
6671
6671
6671
6672
6672
6672
6673
6674
6676
6677
6679
6680
6680
6687
6688
6688
6689
6690
6693
6694
6696
6696
6696
6696
6696
6697
6698
6701
6703
6705
6705
6705
6705
6707
6707
6709
6710
6711
6711
6711
6712
6713
6714
6715
6716
6716
6718
6718
6718
6719
6719
6719
6720
6720
6722
6724
6724
6725
6726
6727
6728
6728
6729
6733
6734
6735
6735
6740
6740
6741
6742
6743
6743
6744
6744
6745
6746
6747
6748
6748
6750
6750
6750
6751
6751
6752
6752
6752
6753
6753
6754
6754
6755
6756
6757
6757
6757
6758
6758
6759
6764
6765
6765
6766
6766
6766
6766
6769
6770
6770
6771
6772
6773
6773
6773
6774
6775
6775
6776
6778
6778
6779
6779
6781
6782
6783
6784
6784
6785
6785
6786
6787
6787
6790
6791
6793
6795
6797
6797
6797
6797
6800
6800
6801
6803
6804
6805
6805
6806
6807
6810
6811
6811
6812
6812
6813
6813
6813
6814
6817
6817
6820
6821
6824
6826
6828
6828
6829
6829
6829
6830
6830
6832
6833
6834
6835
6835
6836
6837
6838
6839
6839
6839
6840
6843
6845
6846
6846
6847
6848
6849
6849
6850
6852
6852
6853
6854
6854
6854
6855
6856
6856
6856
6857
6862
6864
6866
6867
6868
6868
6868
6868
6869
6870
6874
6875
6876
6876
6876
6877
6878
6878
6880
6880
6880
6882
6882
6882
6882
6883
6883
6883
6884
6885
6885
6887
6887
6887
6888
6889
6890
6892
6893
6894
6896
6897
6898
6898
6898
6898
6899
6901
6901
6902
6902
6902
6904
6910
6914
6914
6914
6915
6916
6917
6918
6918
6918
6921
6922
6924
6927
6929
6930
6932
6932
6933
6935
6935
6935
6936
6936
6937
6939
6941
6942
6943
6943
6943
6944
6947
6947
6948
6948
6950
6954
6955
6955
6956
6956
6957
6958
6960
6961
6962
6963
6963
6964
6964
6965
6965
6966
6967
6969
6969
6971
6973
6974
6974
6976
6977
6978
6979
6982
6982
6984
6985
6988
6988
6990
6992
6996
6997
6999
7002
7002
7003
7004
7006
7007
7008
7008
7011
7012
7013
7013
7013
7014
7015
7016
7019
7019
7019
7019
7020
7020
7023
7023
7023
7024
7026
7029
7029
7032
7033
7033
7034
7034
7035
7035
7037
7040
7040
7042
7042
7042
7043
7043
7043
7043
7043
7045
7045
7047
7047
7049
7050
7050
7051
7052
7052
7055
7056
7057
7058
7058
7059
7062
7063
7064
7064
7064
7064
7068
7070
7072
7073
7074
7074
7074
7075
7075
7076
7077
7078
7078
7078
7080
7083
7084
7084
7085
7089
7089
7089
7090
7092
7092
7095
7097
7097
7097
7098
7099
7100
7101
7101
7103
7104
7104
7107
7109
7111
7111
7112
7113
7113
7115
7116
7117
7119
7120
7121
7121
7122
7123
7123
7123
7124
7125
7127
7127
7128
7129
7130
7130
7131
7133
7134
7137
7137
7138
7138
7139
7139
7139
7139
7139
7142
7142
7142
7144
7144
7146
7146
7147
7148
7150
7151
7151
7152
7154
7154
7154
7155
7157
7157
7160
7160
7160
7166
7166
7166
7167
7169
7169
7170
7171
7172
7174
7174
7175
7175
7176
7176
7177
7178
7179
7180
7180
7181
7182
7185
7185
7185
7186
7187
7187
7188
7189
7191
7191
7192
7193
7194
7194
7196
7197
7198
7199
7200
7200
7203
7203
7204
7206
7208
7211
7211
7212
7213
7214
7214
7216
7216
7217
7217
7220
7221
7221
7222
7222
7222
7222
7223
7223
7229
7229
7232
7237
7237
7239
7239
7243
7243
7243
7244
7244
7245
7245
7246
7248
7248
7250
7251
7251
7252
7252
7252
7253
7254
7256
7256
7257
7257
7257
7258
7259
7261
7262
7262
7262
7264
7265
7266
7267
7267
7269
7270
7270
7270
7270
7271
7272
7273
7273
7275
7276
7277
7277
7278
7278
7279
7282
7282
7282
7285
7290
7291
7291
7291
7293
7295
7295
7296
7297
7297
7299
7300
7300
7300
7301
7301
7301
7304
7304
7305
7306
7306
7307
7307
7308
7310
7311
7313
7315
7316
7317
7317
7318
7318
7319
7321
7323
7323
7323
7325
7325
7326
7328
7328
7328
7329
7329
7332
7332
7333
7335
7336
7336
7336
7338
7338
7338
7338
7340
7342
7342
7342
7343
7345
7347
7350
7350
7351
7351
7352
7353
7354
7355
7356
7357
7359
7360
7363
7364
7365
7368
7368
7369
7370
7372
7373
7374
7375
7376
7378
7382
7383
7384
7385
7386
7386
7387
7387
7388
7389
7390
7391
7391
7391
7392
7393
7394
7395
7397
7398
7400
7401
7402
7404
7405
7406
7407
7407
7409
7410
7412
7412
7413
7414
7418
7418
7418
7421
7421
7423
7423
7425
7425
7425
7426
7426
7426
7431
7432
7435
7436
7436
7437
7439
7440
7442
7443
7443
7444
7445
7446
7446
7446
7448
7448
7450
7453
7454
7454
7455
7456
7456
7458
7459
7462
7464
7464
7465
7466
7466
7466
7467
7467
7468
7469
7469
7470
7471
7474
7474
7475
7476
7476
7476
7477
7477
7480
7483
7483
7484
7485
7485
7486
7488
7490
7490
7491
7494
7494
7494
7494
7495
7495
7495
7496
7497
7498
7498
7499
7499
7500
7502
7502
7507
7508
7508
7510
7510
7511
7512
7512
7513
7514
7520
7521
7522
7522
7522
7523
7524
7524
7526
7526
7527
7528
7531
7532
7533
7534
7534
7535
7536
7537
7537
7538
7539
7539
7539
7539
7541
7542
7542
7543
7545
7548
7548
7549
7551
7554
7554
7554
7556
7556
7556
7557
7558
7560
7560
7561
7561
7562
7563
7564
7564
7564
7565
7565
7566
7566
7567
7567
7567
7568
7568
7571
7571
7571
7572
7573
7574
7575
7576
7576
7578
7579
7580
7580
7583
7583
7584
7585
7585
7586
7586
7586
7586
7586
7587
7590
7590
7591
7591
7592
7592
7593
7594
7594
7595
7595
7597
7598
7602
7602
7602
7603
7603
7603
7604
7605
7607
7607
7608
7609
7609
7609
7612
7612
7613
7614
7614
7615
7615
7615
7616
7616
7617
7618
7619
7619
7620
7623
7623
7626
7629
7631
7634
7635
7635
7636
7636
7639
7640
7641
7641
7642
7642
7643
7644
7645
7649
7649
7650
7650
7650
7650
7651
7651
7653
7654
7654
7655
7657
7659
7665
7667
7668
7668
7668
7671
7673
7673
7673
7676
7676
7677
7678
7678
7680
7681
7683
7688
7689
7689
7690
7690
7691
7691
7692
7692
7693
7693
7694
7694
7694
7694
7695
7696
7697
7697
7698
7699
7699
7700
7701
7701
7703
7704
7705
7706
7707
7707
7707
7708
7708
7709
7710
7711
7711
7713
7715
7717
7717
7719
7719
7721
7721
7721
7723
7723
7724
7724
7726
7729
7729
7730
7732
7733
7734
7734
7735
7736
7737
7738
7738
7739
7739
7740
7740
7740
7741
7744
7745
7745
7746
7746
7746
7746
7747
7747
7748
7749
7750
7752
7753
7753
7755
7757
7757
7757
7759
7759
7760
7763
7763
7765
7765
7766
7767
7768
7773
7773
7776
7778
7780
7781
7782
7785
7785
7785
7789
7789
7789
7790
7791
7792
7792
7794
7797
7798
7802
7804
7805
7806
7806
7807
7807
7807
7807
7807
7809
7810
7811
7813
7813
7814
7814
7815
7819
7820
7821
7823
7823
7823
7825
7826
7826
7827
7828
7828
7829
7829
7830
7833
7833
7833
7833
7835
7837
7838
7840
7840
7842
7842
7842
7843
7844
7844
7845
7845
7846
7847
7848
7850
7850
7851
7852
7853
7853
7853
7854
7856
7857
7857
7857
7858
7858
7860
7863
7863
7863
7866
7866
7867
7867
7868
7868
7869
7869
7871
7872
7872
7872
7873
7873
7877
7880
7882
7882
7883
7883
7884
7887
7893
7894
7895
7896
7896
7897
7898
7898
7900
7902
7902
7903
7904
7906
7907
7908
7908
7910
7910
7912
7915
7916
7918
7920
7920
7920
7921
7922
7922
7924
7925
7926
7926
7926
7926
7927
7928
7929
7930
7930
7930
7930
7933
7934
7934
7936
7936
7937
7938
7939
7939
7940
7940
7942
7943
7944
7947
7947
7948
7948
7948
7949
7949
7950
7951
7952
7953
7957
7957
7959
7961
7962
7963
7966
7966
7966
7969
7970
7972
7972
7972
7972
7974
7975
7976
7977
7977
7978
7978
7979
7981
7982
7983
7984
7985
7988
7988
7991
7992
7992
7994
7995
7996
7997
7998
8000
8002
8003
8004
8004
8005
8005
8006
8006
8009
8011
8011
8012
8012
8012
8012
8013
8014
8014
8015
8017
8018
8022
8022
8022
8022
8026
8027
8028
8029
8029
8031
8033
8033
8033
8035
8036
8037
8037
8038
8038
8039
8039
8039
8040
8040
8040
8042
8043
8044
8045
8045
8045
8046
8047
8048
8049
8050
8050
8053
8056
8057
8057
8057
8057
8059
8059
8059
8062
8064
8067
8072
8072
8073
8073
8076
8077
8077
8077
8078
8079
8081
8088
8089
8090
8090
8091
8093
8096
8097
8098
8100
8102
8104
8104
8104
8105
8106
8106
8106
8107
8107
8107
8111
8111
8112
8113
8113
8114
8119
8120
8120
8120
8120
8122
8123
8125
8126
8127
8127
8129
8129
8130
8131
8131
8132
8134
8134
8138
8138
8138
8138
8142
8146
8146
8146
8147
8148
8150
8150
8150
8150
8152
8155
8156
8157
8159
8160
8161
8161
8162
8163
8163
8164
8164
8165
8165
8166
8167
8168
8168
8169
8169
8169
8170
8170
8170
8171
8171
8172
8173
8176
8176
8178
8178
8179
8179
8179
8179
8180
8180
8181
8183
8184
8184
8184
8189
8191
8191
8191
8192
8194
8198
8198
8199
8199
8199
8200
8201
8202
8204
8205
8206
8206
8209
8210
8210
8210
8210
8210
8210
8211
8213
8214
8214
8214
8215
8216
8216
8217
8218
8220
8220
8220
8222
8222
8223
8223
8223
8224
8226
8227
8227
8227
8228
8228
8230
8230
8230
8231
8232
8233
8233
8235
8235
8235
8236
8236
8237
8239
8239
8239
8240
8241
8241
8241
8242
8243
8243
8243
8245
8245
8245
8246
8246
8247
8248
8252
8252
8253
8254
8255
8258
8258
8259
8260
8260
8260
8263
8264
8265
8266
8266
8267
8268
8269
8269
8270
8271
8271
8272
8272
8273
8274
8274
8274
8279
8279
8281
8282
8284
8284
8285
8285
8287
8287
8287
8287
8287
8288
8289
8289
8290
8290
8291
8294
8295
8296
8297
8298
8299
8299
8299
8300
8301
8301
8302
8302
8303
8304
8304
8307
8309
8310
8310
8310
8311
8311
8314
8316
8316
8319
8319
8319
8321
8323
8324
8324
8325
8327
8327
8328
8329
8329
8330
8330
8330
8330
8331
8331
8332
8332
8332
8333
8334
8334
8336
8337
8338
8338
8340
8341
8341
8343
8344
8346
8346
8347
8347
8348
8348
8349
8349
8352
8353
8353
8353
8353
8354
8354
8354
8355
8356
8357
8357
8358
8359
8361
8361
8362
8365
8366
8367
8367
8369
8376
8377
8378
8378
8379
8379
8379
8380
8382
8383
8384
8385
8386
8389
8390
8391
8393
8394
8397
8399
8400
8400
8400
8400
8401
8403
8403
8403
8406
8406
8407
8409
8410
8411
8411
8412
8413
8415
8415
8416
8416
8417
8418
8420
8421
8423
8423
8423
8426
8426
8426
8427
8428
8428
8428
8428
8429
8429
8429
8431
8435
8435
8435
8436
8436
8436
8438
8439
8439
8440
8440
8441
8441
8441
8441
8443
8444
8444
8446
8446
8452
8452
8453
8454
8454
8455
8458
8459
8460
8463
8466
8467
8467
8468
8469
8469
8471
8472
8472
8473
8473
8473
8473
8475
8475
8476
8476
8477
8478
8478
8481
8484
8485
8486
8487
8489
8489
8491
8492
8492
8495
8495
8497
8497
8498
8500
8501
8502
8504
8504
8507
8507
8507
8508
8509
8512
8513
8513
8514
8514
8516
8517
8517
8518
8519
8523
8523
8523
8526
8527
8527
8527
8531
8533
8534
8534
8534
8536
8536
8537
8538
8539
8540
8541
8541
8542
8543
8543
8543
8544
8545
8546
8546
8550
8551
8551
8553
8555
8555
8557
8560
8561
8562
8563
8564
8564
8566
8569
8570
8571
8572
8574
8576
8576
8578
8579
8581
8585
8585
8587
8588
8588
8589
8590
8590
8592
8592
8593
8594
8596
8596
8596
8598
8598
8599
8599
8600
8603
8604
8604
8604
8605
8607
8608
8612
8612
8613
8613
8614
8615
8616
8617
8618
8618
8619
8620
8620
8620
8620
8621
8622
8622
8623
8625
8625
8627
8627
8627
8631
8631
8632
8634
8637
8637
8638
8642
8648
8649
8650
8650
8651
8653
8654
8654
8657
8657
8659
8662
8663
8665
8665
8667
8669
8669
8669
8670
8671
8672
8675
8676
8678
8678
8679
8680
8681
8685
8686
8687
8688
8688
8688
8689
8689
8690
8692
8693
8694
8694
8694
8695
8696
8696
8697
8697
8699
8700
8701
8703
8703
8703
8703
8704
8704
8705
8707
8707
8708
8709
8709
8711
8712
8713
8714
8714
8715
8716
8717
8717
8718
8719
8722
8722
8722
8724
8724
8724
8724
8726
8726
8726
8727
8729
8730
8730
8730
8730
8731
8733
8734
8734
8736
8737
8737
8739
8740
8741
8743
8744
8750
8753
8754
8756
8756
8756
8758
8759
8759
8759
8759
8760
8761
8761
8761
8762
8762
8763
8764
8764
8764
8765
8765
8766
8767
8767
8769
8769
8770
8770
8773
8775
8776
8778
8778
8779
8780
8781
8782
8782
8782
8783
8784
8786
8786
8787
8788
8789
8792
8792
8795
8796
8796
8797
8801
8801
8802
8804
8804
8806
8807
8807
8808
8808
8809
8809
8810
8811
8813
8813
8814
8815
8815
8815
8819
8820
8820
8820
8820
8821
8822
8824
8824
8825
8827
8829
8829
8830
8830
8830
8830
8830
8831
8831
8832
8832
8832
8833
8834
8835
8836
8836
8839
8839
8840
8840
8841
8841
8841
8843
8844
8844
8845
8845
8845
8847
8848
8848
8848
8848
8850
8858
8858
8858
8858
8860
8860
8860
8861
8861
8861
8862
8863
8863
8864
8865
8866
8866
8868
8868
8869
8869
8871
8872
8873
8874
8875
8876
8876
8876
8877
8880
8882
8882
8884
8885
8885
8885
8886
8889
8890
8890
8891
8891
8893
8894
8895
8895
8896
8897
8897
8900
8901
8901
8901
8902
8903
8903
8905
8905
8905
8905
8906
8907
8907
8907
8908
8912
8912
8915
8916
8917
8917
8918
8919
8919
8919
8921
8921
8923
8924
8924
8927
8927
8928
8928
8929
8929
8929
8931
8932
8932
8936
8937
8938
8938
8938
8940
8941
8942
8943
8943
8945
8945
8945
8946
8947
8948
8949
8951
8953
8954
8957
8958
8958
8959
8959
8960
8960
8961
8961
8962
8965
8966
8967
8967
8968
8969
8969
8970
8970
8971
8971
8971
8972
8973
8978
8980
8980
8982
8982
8982
8983
8986
8988
8989
8989
8990
8991
8992
8993
8993
8995
8996
8997
8998
8998
8999
8999
9000
9000
9001
9001
9002
9002
9003
9004
9005
9005
9006
9006
9007
9008
9009
9010
9011
9011
9012
9013
9016
9017
9018
9019
9020
9020
9024
9024
9025
9029
9029
9029
9032
9033
9033
9036
9037
9039
9040
9043
9043
9044
9046
9047
9050
9050
9051
9051
9052
9052
9052
9052
9053
9053
9053
9056
9056
9057
9062
9062
9064
9064
9068
9073
9074
9076
9077
9077
9078
9078
9080
9081
9081
9082
9083
9083
9086
9088
9089
9091
9091
9091
9093
9093
9094
9096
9097
9097
9098
9099
9099
9101
9105
9105
9107
9114
9114
9115
9115
9117
9117
9118
9118
9120
9121
9122
9123
9123
9124
9125
9125
9126
9126
9126
9126
9130
9130
9132
9132
9132
9133
9133
9134
9137
9139
9139
9140
9142
9142
9143
9144
9147
9149
9149
9149
9150
9150
9150
9151
9151
9153
9154
9154
9157
9159
9159
9160
9160
9162
9163
9165
9165
9165
9166
9167
9167
9167
9169
9172
9173
9174
9176
9176
9178
9179
9180
9181
9184
9186
9186
9191
9192
9192
9192
9194
9194
9194
9195
9195
9196
9196
9196
9197
9197
9202
9202
9202
9204
9206
9208
9209
9209
9210
9211
9220
9224
9224
9224
9225
9225
9226
9227
9228
9228
9232
9233
9234
9234
9235
9236
9239
9240
9243
9243
9243
9244
9245
9246
9246
9246
9248
9249
9253
9254
9255
9255
9255
9256
9258
9259
9259
9259
9261
9263
9264
9265
9265
9266
9268
9270
9272
9274
9277
9277
9277
9277
9277
9279
9279
9280
9284
9284
9285
9286
9287
9287
9288
9288
9289
9289
9292
9292
9294
9296
9297
9297
9298
9298
9299
9300
9302
9302
9302
9305
9307
9307
9308
9309
9313
9314
9316
9316
9318
9321
9321
9321
9322
9325
9329
9330
9331
9332
9332
9333
9333
9335
9336
9337
9337
9337
9339
9339
9341
9341
9343
9344
9344
9344
9345
9345
9345
9345
9345
9346
9346
9347
9348
9350
9350
9352
9352
9356
9356
9358
9358
9359
9359
9360
9362
9363
9364
9365
9368
9369
9370
9371
9374
9374
9375
9377
9377
9378
9386
9387
9387
9388
9389
9392
9394
9394
9399
9399
9400
9401
9402
9402
9402
9403
9403
9404
9405
9406
9406
9406
9408
9408
9410
9412
9415
9417
9418
9418
9419
9420
9422
9422
9422
9423
9424
9425
9426
9428
9428
9429
9430
9431
9431
9437
9439
9439
9439
9440
9443
9444
9445
9447
9448
9449
9449
9450
9450
9451
9451
9451
9451
9452
9452
9453
9454
9454
9454
9456
9458
9458
9459
9459
9460
9461
9462
9462
9462
9463
9466
9467
9467
9468
9468
9469
9470
9471
9473
9473
9474
9474
9476
9476
9478
9479
9479
9480
9486
9490
9491
9491
9492
9492
9495
9496
9496
9498
9499
9499
9499
9499
9501
9502
9504
9507
9507
9511
9513
9514
9514
9516
9518
9519
9523
9525
9527
9527
9528
9528
9530
9531
9532
9532
9532
9533
9534
9535
9536
9539
9539
9540
9541
9541
9541
9542
9544
9545
9547
9548
9549
9550
9550
9552
9553
9553
9554
9556
9557
9557
9558
9559
9562
9563
9564
9565
9566
9567
9568
9569
9569
9569
9570
9570
9570
9570
9571
9574
9574
9575
9577
9577
9577
9582
9584
9586
9587
9588
9589
9589
9591
9591
9591
9592
9593
9595
9596
9598
9600
9600
9601
9601
9602
9605
9606
9608
9609
9610
9611
9614
9615
9615
9616
9616
9618
9619
9621
9621
9623
9623
9624
9625
9625
9626
9632
9632
9633
9633
9633
9633
9634
9636
9637
9637
9637
9637
9639
9639
9641
9641
9641
9642
9644
9646
9646
9647
9649
9649
9650
9651
9653
9656
9656
9657
9657
9660
9661
9662
9663
9664
9665
9667
9668
9669
9671
9671
9674
9674
9676
9677
9678
9678
9679
9680
9680
9680
9682
9682
9683
9685
9687
9688
9689
9690
9691
9693
9696
9697
9699
9699
9699
9700
9701
9701
9702
9702
9702
9704
9704
9705
9705
9706
9706
9707
9707
9708
9710
9711
9712
9712
9712
9714
9714
9715
9715
9719
9719
9719
9720
9720
9722
9722
9724
9725
9726
9726
9726
9728
9728
9729
9730
9731
9732
9735
9735
9736
9737
9738
9738
9740
9742
9742
9743
9743
9744
9746
9749
9749
9750
9752
9752
9753
9754
9754
9755
9755
9756
9757
9758
9758
9759
9760
9761
9761
9762
9765
9765
9766
9767
9768
9768
9769
9775
9775
9776
9777
9777
9778
9778
9780
9780
9780
9781
9782
9782
9783
9784
9784
9785
9785
9788
9790
9790
9791
9791
9793
9793
9794
9795
9800
9801
9802
9803
9803
9803
9805
9806
9807
9807
9808
9808
9809
9809
9810
9811
9811
9812
9814
9817
9818
9820
9820
9820
9821
9821
9822
9822
9823
9823
9824
9825
9826
9828
9828
9829
9829
9830
9830
9830
9831
9831
9834
9834
9836
9837
9840
9841
9841
9844
9845
9845
9846
9847
9847
9848
9848
9848
9849
9849
9849
9851
9851
9851
9853
9854
9855
9857
9857
9859
9862
9864
9864
9865
9867
9868
9869
9870
9871
9874
9877
9878
9878
9879
9879
9879
9881
9881
9882
9882
9883
9885
9886
9888
9889
9890
9893
9894
9894
9896
9897
9898
9899
9899
9899
9900
9901
9901
9901
9905
9905
9905
9906
9906
9909
9909
9910
9910
9911
9913
9913
9914
9916
9916
9917
9919
9919
9921
9921
9923
9923
9924
9925
9927
9927
9928
9929
9929
9930
9934
9935
9935
9935
9935
9938
9939
9940
9941
9941
9942
9944
9945
9947
9947
9947
9948
9948
9952
9954
9955
9956
9956
9957
9959
9960
9961
9962
9962
9962
9963
9963
9963
9964
9965
9965
9967
9968
9970
9970
9972
9974
9975
9977
9978
9979
9982
9983
9984
9985
9986
9987
9988
9989
9989
9989
9991
9993
9995
9996
9997
9997
9997
9998
9998
9998
9999
9999
