10000
6453
9622
8624
1701
4532
9216
6740
5628
1205
7038
9910
402
4145
2882
7115
536
6851
6248
7455
6460
3420
7216
9505
2939
6867
3849
1582
5824
2813
3263
393
2746
3284
3467
5972
4332
5016
1081
8638
1550
4991
8887
6153
6625
4442
8601
3990
6688
549
3081
7392
9634
378
811
1265
8955
7972
6783
1589
9378
9323
6576
9209
2558
464
553
1215
2281
1798
6455
2738
7
2939
5834
7616
5135
1842
8517
3128
360
6591
4901
1521
4351
9118
1566
741
7204
8544
3456
9033
8677
4755
4937
8186
8290
4028
3924
7061
80
8644
6879
1426
7897
284
7194
4830
4240
942
5707
2388
1858
8850
2175
1560
1352
3018
6251
2464
6473
9627
8592
3647
6557
7496
3565
8302
1996
3244
1470
7833
9700
1588
7234
228
1049
4023
3563
7816
2487
2451
5695
5694
7124
7205
4923
8631
3409
5235
7574
8533
4686
2314
9203
1322
4717
832
6865
3211
2766
1141
5309
7760
5018
3947
9943
2539
572
6095
2386
6418
25
5827
6916
8235
912
4793
6109
947
5309
4110
7893
8954
8567
9952
8510
2543
8265
5309
601
628
4670
7674
6660
8030
5349
8333
1
3531
9652
5544
5554
463
841
4195
5471
253
6700
2740
9946
5887
9104
2717
4426
6643
3032
9554
7268
1554
2998
5365
1033
4861
6910
3152
72
6582
8938
8318
2307
968
4391
7271
3567
2516
3244
4423
5989
3834
9850
3897
2085
3712
7647
2501
8875
1074
9861
1395
8921
6326
760
4602
6612
5130
2628
4298
8811
5853
9164
7794
4306
9782
9671
3535
8077
5989
4741
5010
4071
4629
3856
6877
4595
8506
8926
9418
3945
2140
9746
3351
8642
7504
9426
5330
8399
2448
2627
572
2179
4070
9760
9165
8338
8026
6234
1925
8289
3957
8809
778
268
7394
1601
4515
246
5216
5856
2272
9691
1702
8211
3427
7954
2612
3672
4047
4926
1217
2335
4075
340
8150
985
4771
9174
3879
1970
4316
8446
9689
652
2786
2918
8357
6992
8032
644
4871
2409
4506
4996
4403
3020
5130
541
1941
8479
1062
3893
4931
1803
4171
6608
3793
5756
9720
9508
1329
9013
1353
8232
8821
3904
8701
6171
5042
9859
4807
4480
1299
7903
894
1575
775
7345
9281
7287
5240
8955
7131
5608
233
9885
4878
9965
5419
9309
4431
622
7852
3030
2510
7907
4188
9980
4625
4989
6445
7437
8076
8815
4263
3027
5791
4073
2310
9831
7723
1557
6433
3839
5042
554
1431
8744
1450
5966
471
1647
1294
73
4284
6680
4386
6484
3123
114
7488
9104
9979
2898
9556
9540
7752
2283
7360
8078
1524
1360
4413
3706
7251
8848
1871
6816
6081
1600
7011
6808
2746
4470
1847
9144
5877
1633
7270
8974
1998
7478
671
1130
9455
9526
1026
9459
5498
9099
3238
6937
469
6833
7465
6778
3491
1937
3477
4462
3723
808
268
5453
1847
5351
5504
6369
8252
3668
7248
3158
8768
4573
7491
9021
6317
7341
1674
7312
1776
6278
9462
2976
5870
2830
9526
7786
1124
9351
8730
1544
4874
2822
5049
6083
8963
7334
3259
4470
1827
5653
1172
4606
8046
683
5198
6478
7321
2666
6289
9824
8367
4801
4482
1973
2834
9339
1797
5580
5852
8997
560
3409
1280
8077
9022
1309
1474
3078
8349
668
5616
9831
7973
7324
4300
2979
4021
1217
3703
3795
5435
5765
1515
528
6447
6509
5189
9133
5453
7143
2637
960
2157
9983
83
4929
4369
2192
1176
9835
8378
5815
3270
3392
151
6548
8525
3786
9548
4010
2203
539
8363
9270
5863
6549
6513
3644
9803
3094
3183
4924
5851
3580
8227
4596
1942
6758
9395
6655
5928
5323
4262
3243
8361
5363
7135
7976
8326
7155
1094
2764
5690
9750
1557
3396
7448
871
3532
9573
1176
4140
705
1665
8459
9372
4919
788
1309
7712
4810
9070
8439
7255
773
219
1917
5716
9632
6334
8890
3362
8697
3724
4950
9448
6365
4709
146
2184
5716
7677
16
6961
1238
4504
177
8276
2238
7829
9724
9731
9177
5409
4008
7301
1067
7100
2967
2151
446
5081
1967
9885
7160
6078
9829
2437
2264
3644
1048
3932
7324
7192
9384
8250
7235
2104
9953
6281
3226
7033
7608
8211
9845
509
1760
6937
3755
1922
6617
9216
5342
6269
9127
5013
4134
726
5306
4882
8266
8589
2127
4584
2330
4458
226
4636
6715
9986
8366
9486
7408
4102
9075
8132
4129
9957
2131
4070
8555
929
2569
5923
8612
6959
3286
8769
7961
6232
3273
849
8198
3869
7994
8896
2160
3719
2724
969
7107
3484
5293
6377
6532
8478
7139
459
3954
5037
9604
6977
2589
7117
4682
2052
9506
9554
1681
5506
3187
7991
5607
743
4128
622
79
2679
1364
4274
6081
1863
9918
9033
8433
9051
921
5205
5451
8314
9931
9593
1704
9134
9863
7545
8272
2135
3503
8570
2508
1119
5849
936
9286
6776
3532
4295
7712
1266
7352
6241
1421
7224
1024
1053
624
7258
4485
161
9615
3302
9024
8062
2419
4879
6795
8666
1295
4352
5244
8619
2203
2058
7375
5455
9164
3144
6623
425
8337
8772
6177
6182
7596
1858
6510
4605
3547
5034
3035
484
4099
7011
6806
3663
6344
5035
1870
6772
5835
883
1727
3418
8145
3287
5417
4144
3723
8651
4589
3402
8407
3761
3460
7957
5635
8248
7643
2684
1177
2846
8558
7443
7771
4677
848
5873
3612
1716
2292
8219
2665
4932
8236
3306
2947
7243
8027
5422
2137
5110
7049
941
8678
4894
2979
3188
5284
6109
2347
6462
3132
6939
9507
6386
1516
3777
9522
4534
131
7438
2865
3010
1516
7319
741
4608
9572
4553
3689
2447
9721
3467
8663
6806
3026
8255
9603
709
2645
1479
8515
1239
5193
2292
9871
9125
697
441
7345
5012
2256
9902
5529
1806
9959
3521
2944
206
1689
7398
5639
8069
1040
9487
1308
1145
1662
1143
3527
2941
7449
5273
3815
7100
1363
4670
5892
575
4293
7970
3025
9854
8536
2008
9360
2643
7872
1092
7889
3978
390
1110
1225
6853
3296
7031
1755
9067
4223
4843
7909
7472
7652
5975
5578
8800
4159
748
2647
661
774
5873
8644
8105
5887
9183
5690
133
3339
7541
6107
8071
3310
7468
2722
1378
2783
9125
5864
2239
1720
5615
8752
9330
26
8148
9888
2375
9153
6515
2732
7771
1455
8424
4257
56
5672
8551
9226
7080
4138
2232
8338
8634
6470
7181
4136
3713
8911
9471
3688
3450
2142
8309
5355
7526
9136
7782
7917
9910
7613
5510
8455
3701
5189
9037
1721
5999
7736
4341
2406
5999
3250
4274
3835
1685
9586
5820
6749
4823
9414
9719
7438
6638
3029
916
5036
7698
7464
7104
1590
3856
4470
1690
4380
6631
538
7794
4082
4194
1635
6077
3040
1983
6552
3365
5945
142
2086
6237
9718
8326
3255
3667
8607
1905
9456
9966
37
9016
2424
9878
143
1273
5200
1314
3247
9236
8340
3165
5007
8117
7708
3954
9790
6412
9807
9463
4225
4633
4485
6326
6712
4770
1878
8165
5246
5991
5477
9575
604
28
7091
6172
3179
6677
4385
4739
6019
4705
9989
8512
3765
5757
2520
5113
1746
3898
1499
938
9366
9112
3299
9480
293
4033
872
8115
8272
4898
9077
1348
7539
5940
3229
310
8270
9529
8715
5601
3422
8962
7875
81
1207
1837
9675
3573
5025
1836
496
2243
9933
7569
7542
9594
3298
2693
7391
6415
7111
6584
3303
2377
6335
3874
1818
4648
5181
7368
7091
8015
4306
7963
2481
5314
2234
3850
4056
939
8879
6839
4018
2087
7448
9047
2400
6045
4307
8595
577
7999
8026
6732
77
5177
2676
651
2094
5718
7211
3718
4220
9281
7397
4847
1636
761
3729
8311
5092
9006
8816
9183
8677
4632
3422
2943
3685
4984
8219
5103
9617
2470
7179
8242
8300
5592
326
4771
4574
9716
1052
5288
2251
2492
8921
3107
2782
4905
2625
8120
3442
4083
9240
7912
4526
3100
1760
4507
1227
7900
1056
6877
3859
9879
7326
31
6407
7227
1337
4558
9756
8598
2005
289
2260
9236
1731
1371
101
2341
7676
1905
9416
1325
9451
182
4879
3686
3252
6849
5732
1904
4325
4528
1515
6056
4663
4262
7571
6550
528
6048
3646
9168
9337
517
9306
9372
1383
683
9243
4771
7721
6358
9399
5377
1052
4908
3742
809
974
436
2836
9174
7261
9037
413
9180
4827
1003
3700
8172
6753
1500
3415
7238
9965
3736
3570
8201
6281
5975
6918
5094
8105
5964
5782
7379
3185
8895
1710
1051
2097
8281
6033
9058
7694
8568
2749
8742
6221
3075
4909
9986
4783
4951
3531
4908
1204
9823
3295
9886
3021
9218
3497
5618
3730
5718
5831
4630
5517
8211
4883
175
8049
9443
3133
8281
9962
3285
6480
2108
4386
4800
6979
5515
5869
9333
3918
1030
6434
8029
2055
1792
2151
417
472
6667
6488
9481
4063
1214
2835
5564
5090
600
4723
102
3500
3919
9574
6216
713
5089
7341
1768
4026
5436
4337
9689
2101
3849
7132
5430
5932
6962
3723
1096
6472
1060
9438
9431
865
8448
2680
3869
4877
6556
1850
7414
7876
8135
4919
9412
6796
7673
7379
1791
2117
1720
1085
3369
210
1415
4166
8127
8674
2921
8668
9403
6235
4531
9848
7510
19
2768
9168
5004
9226
622
7018
9176
727
1093
9359
622
701
6344
3831
7815
3513
5412
9350
6439
5035
1477
866
7402
4063
6856
9024
3933
3559
2827
6267
7146
1526
2497
3632
1915
6620
9714
5208
7215
729
4686
7683
2554
7456
9666
6877
6502
5370
5267
4800
4248
8339
9960
7254
2286
2597
5236
9513
1060
8270
2992
5402
1429
7121
167
3082
3215
1431
5163
7559
3759
9183
6326
2934
891
7817
6123
8682
2527
9195
26
591
5503
5758
5394
9686
9644
8104
1696
4333
4626
6102
1334
201
5229
950
7496
3731
2075
1071
8719
8364
6125
4797
6256
7470
3959
6045
9559
3681
1127
3825
1548
279
7794
7728
3704
4229
5402
3261
8417
2462
5500
6242
1921
8813
9285
6586
1189
4222
6661
6216
3457
2106
3563
7223
3985
4654
4784
2622
2410
8087
1904
1855
7934
3116
1091
8989
1647
7479
459
7736
7531
5601
9845
6503
5413
25
7169
2048
1540
2033
8511
1334
9669
6150
1359
5200
7420
9114
2923
9970
2072
3135
881
2299
7508
7073
7415
4714
1545
8273
1379
4301
6145
9098
5363
3207
6534
7010
4358
1021
9145
9583
3406
1934
9439
7939
6269
4397
998
3989
572
1212
8581
7421
9211
9527
9137
3436
3762
6969
7388
6838
7670
2159
9511
7261
4616
6120
5656
7419
3815
325
3335
5403
997
7523
8771
549
7447
673
5698
5109
3030
3824
1781
7574
5683
8311
1657
2768
5784
3344
4106
5786
3705
5539
6866
2734
5257
796
1600
969
8152
6283
9811
7595
2458
3049
7589
4641
355
4930
757
1084
623
4451
9932
3549
9406
688
449
5024
2972
9426
8089
306
7359
7612
6358
9185
4633
9497
5024
9727
9246
2884
5393
705
543
3476
7289
6874
8165
2433
3618
3983
4969
487
5918
4023
6399
6214
2301
8465
9059
5331
59
5730
5052
9679
7238
889
9534
2482
8445
4001
4428
9652
3731
3011
8489
7656
3331
3908
4255
9269
5230
9698
489
6354
9360
871
7195
2973
6480
2712
4049
680
7430
3357
3509
4864
1959
3740
6666
8556
8603
6468
3782
366
3680
739
7804
8041
103
6388
3031
2192
6284
3225
2835
310
2804
4817
9284
1288
8559
1415
9450
1731
7004
5415
4269
8835
3772
1388
6386
7881
8286
6363
7664
6216
6730
3766
9356
5228
9753
6750
5600
3031
7041
1064
3498
8665
6527
2746
6928
5356
4221
19
6210
2378
4579
1108
2216
6795
1529
1871
5402
5934
3211
5690
7087
8723
8997
7312
9708
8211
2478
7957
9182
1901
2561
4883
9587
6750
117
5365
3107
9340
1231
1376
2204
7423
3134
2617
4154
3037
1748
3015
966
544
3764
4422
5269
4406
390
5925
9938
6900
7128
7821
9494
4023
9759
414
2482
4714
9019
183
8831
4221
5848
914
8653
5128
5904
4074
5864
412
4222
1033
2969
4658
862
2307
3001
4738
6561
9001
4160
5746
7740
7898
3339
9945
6223
8556
3419
6431
7859
4707
2714
6275
9293
6956
1753
9208
8175
2249
9333
3181
1390
2490
8600
5848
4094
3443
4220
8670
4393
2239
4186
6801
7806
2561
1345
2071
8150
5363
9842
4051
627
6030
7079
6434
6897
5188
4868
4820
8542
4813
102
1668
3814
9452
3015
3302
3846
4509
820
9628
8386
9693
8486
374
3987
758
2796
7300
7208
1526
7738
3896
8445
5099
3387
6685
7177
973
5121
222
7825
295
3149
4884
8602
7891
7978
2496
5724
6818
500
9537
9761
805
1734
1459
1213
8892
6961
7861
296
5208
8392
2596
2439
6430
6904
9929
5480
1226
1493
1611
2172
6445
7952
3891
4895
8581
9349
2891
4482
4744
9248
3681
9162
3581
559
1886
4529
39
8275
3661
7291
2622
2064
8090
6899
4396
8932
3481
7555
4145
9892
4448
7331
8659
7362
1490
3912
165
7003
4937
4718
6083
397
9055
4784
5447
9877
4713
9620
4283
7206
1889
4260
9244
5958
46
4839
4952
2738
9554
7694
4964
8098
9840
761
7483
5912
3480
9978
4727
8193
1184
2962
7957
4910
4384
7752
1065
7180
6922
2776
4445
6735
6373
4920
7831
7485
8805
1957
4758
4343
200
7740
4040
1203
4719
1396
4572
3572
4343
6793
4718
5099
2099
1940
3733
2583
9976
4677
1605
5655
7188
8611
6577
865
540
2842
6129
8043
4545
5827
9515
2550
3950
9601
1777
6922
5185
8871
4871
4476
9219
3864
496
5005
5046
8934
9924
2716
2890
1244
9088
4316
188
8151
4090
9696
7435
8255
9630
3026
520
2547
5914
1939
8681
1586
595
7884
3642
4182
7266
3795
1138
2779
1103
1834
8925
5502
4248
3938
4779
1088
5838
605
6676
4682
6524
6528
4150
2074
372
6951
9213
8491
5640
514
6045
4467
914
1773
7343
5221
641
3230
5334
2567
9184
2199
8317
8463
5429
7964
3966
1926
7107
7310
9409
4558
316
582
1552
6288
7126
5629
7972
9774
5688
9496
4141
423
1474
9521
3426
3737
8263
1952
2611
560
1032
2809
6936
476
493
8046
9385
9937
6242
3717
248
2937
5837
2693
7614
6980
5288
6282
4049
3855
1551
4120
8927
82
3671
5003
4425
7172
424
2381
7087
1273
1705
4145
3300
8251
1127
2173
6046
2214
2897
5652
9324
9069
8323
3921
4964
4651
3565
3760
8984
756
1440
1046
2916
3130
6580
769
9447
1931
3513
4377
956
9975
7992
3750
6644
1279
2916
2844
9537
8281
7427
721
7409
4752
7907
4303
6629
9064
5899
5524
7933
9232
2303
5014
9107
8896
4239
1877
1104
2466
8285
489
5662
9677
4553
2122
7756
6316
6490
7951
8535
9805
4811
2302
6571
3157
8816
49
9782
8560
5588
3802
3749
7847
8769
3053
4766
7947
778
8348
7432
6253
8216
1376
1851
5520
3439
4578
1824
2390
1421
3642
804
4790
6399
2511
1327
9055
9567
5485
8363
1191
6413
6373
9651
1133
5769
6990
4217
4332
7003
6665
8484
6480
9759
8770
181
1763
6800
2082
3620
736
1200
3826
5452
2665
4945
5690
8207
6724
563
6951
3831
2208
7034
5482
4891
6997
9371
1629
554
1674
228
8130
5206
6976
1733
4964
2000
635
7423
2622
4573
7024
9095
714
434
8442
3830
3553
6513
2759
8096
4273
9391
7840
4960
7262
3473
9093
1420
5007
4451
1798
8266
1545
2180
1199
8511
7945
6161
1083
5295
2378
2173
1209
4263
3766
7258
6828
1330
8169
1255
3052
4811
7729
2214
5418
6496
9154
5865
8800
3328
1479
9208
1543
449
307
3457
3474
5984
4949
1228
6680
118
7561
7754
9679
9555
618
1882
9060
6361
3894
4583
1975
1160
5403
1026
8978
8289
685
5655
282
2602
537
8430
2367
781
7219
5905
4286
4845
9772
5717
7893
3478
4160
5527
566
3231
5595
916
5093
223
9836
7508
8299
3321
6977
5333
9325
3766
6690
5552
5975
4190
6698
8985
9762
3666
1951
248
7813
9481
387
3599
3639
7924
6467
7416
8514
5200
76
381
2291
4280
6686
115
6158
4821
5913
1779
4975
227
372
2790
4331
6192
9580
6477
3717
8244
6345
7723
7180
536
5725
6079
8018
4756
4581
2673
855
2441
5042
8952
2052
120
4209
310
3683
957
70
4977
9451
1915
5992
2127
8938
5925
4245
8013
7211
5991
358
3612
4648
4847
1006
1337
6329
5067
6924
8823
3241
3679
5471
6458
6569
6467
2025
2819
7502
5175
2476
8979
4054
3604
1378
5534
7064
4945
9833
4654
2937
5294
570
7217
459
8225
6698
9728
4512
442
3610
6444
9388
3109
569
4983
7321
4924
4826
364
9507
950
5952
1469
3203
1104
1957
2183
7818
7943
1162
212
2643
111
2841
9644
2987
6434
9670
4121
3276
6920
7540
694
1220
672
5844
1570
2613
6249
5351
3335
422
79
5173
8594
8087
5941
6374
7839
7026
4379
5118
2562
5644
2892
2134
3571
2938
2663
4453
8391
2945
7656
1758
6792
1238
5155
7362
961
3332
732
9094
2455
3755
2965
8127
8871
6533
6949
8218
5480
3493
209
3512
2125
9017
2538
6486
8810
9806
6020
4683
1183
4754
6142
5595
2118
3524
4530
569
3445
8568
7354
409
8177
6550
8013
1234
7727
7410
5093
4739
4392
215
1534
8029
7448
6957
142
8141
5507
4265
3691
7613
2293
6643
8141
7776
516
1571
1954
8572
4517
389
2583
3061
3079
7004
1130
2099
4767
6914
9801
2629
1425
1436
3750
6239
4313
4524
4474
8831
3971
5393
482
9486
7021
778
1467
9377
9558
1911
7238
6879
707
7680
2408
9469
3694
7807
8928
5109
5323
5608
8517
7142
729
1145
8156
3348
5585
2444
1491
1280
1183
7609
253
6818
7738
8392
6234
1858
17
4565
2098
3831
4387
5340
4015
9799
2635
2836
5684
893
9191
56
2237
6376
3763
928
292
2175
7
8046
4525
9443
5818
4196
4735
4077
7073
20
2960
4951
5591
6719
4523
6663
7467
2558
4352
6229
9201
8623
4937
9565
3782
4391
4389
7280
4260
8454
2211
757
3613
3625
6732
2269
5367
9608
604
8900
6421
207
3967
1507
6606
1210
8677
8675
5933
7514
5633
3292
1236
4580
7428
6075
5277
5529
2864
8450
7934
7072
1884
6425
3736
3758
4100
9714
2717
3880
2985
3834
1611
8688
748
8428
9497
5659
1346
8511
9645
3731
7717
7040
9112
4488
8392
5690
5135
5617
2692
5585
791
8736
195
1023
4571
5332
2728
8758
7517
296
5449
1972
9303
8616
9099
9268
8380
4516
7449
8528
5681
7453
1904
7700
9073
6605
2953
6047
3665
2595
1043
227
9473
8187
1421
843
43
6653
1006
8028
7020
7052
7265
1812
540
9502
6688
2799
2412
7179
4779
5401
5978
5726
2677
3742
596
3288
5340
2172
3543
2580
1811
74
8322
9382
4941
7698
1884
3853
6184
3241
5359
3927
7268
2368
2335
8148
8399
5955
4411
3730
9710
1710
431
7383
2490
6720
6755
174
7268
8887
4036
8600
4406
6363
2253
9651
7736
9303
290
1673
1260
1377
1336
1199
3094
8443
9108
8750
4923
3794
8799
7439
3078
4100
5218
4750
7329
5775
5780
2977
8134
1716
9645
9266
5905
9994
6214
7880
8929
670
864
8004
9900
2840
205
5319
6092
8858
5806
7489
8314
81
9034
8660
533
7134
8216
8119
9919
1966
2090
3862
9093
1525
7686
1095
4456
6602
7762
4056
7949
3996
8603
6467
6269
4242
4769
483
777
1199
883
8849
9839
5828
722
8199
4034
1840
8965
8357
2632
7667
6633
8258
7061
1200
4882
9818
5215
3088
803
3782
7439
7795
5462
5450
6419
9986
5064
5207
9842
3168
7300
209
6557
4799
4218
1130
622
4542
5580
413
6400
2272
1301
2055
4363
4408
2774
3584
4026
5792
8815
8632
9787
7113
3206
6940
4706
9197
4663
9255
7482
5984
696
7221
3978
629
6551
8323
9519
8493
8930
5890
8267
6490
8051
1963
1130
6274
4966
4204
5261
3774
8281
640
5574
4866
9711
3709
7998
3079
3664
3815
2742
3316
1921
8274
8
5500
139
6533
2857
384
8475
985
6013
1189
9397
1776
2407
3440
9541
3939
3884
5630
7956
6292
355
6144
6084
7234
3275
2212
2905
8379
8472
7807
3091
8924
524
8534
4348
4435
2014
2363
2410
9030
3994
2116
8209
860
6117
9688
5080
3976
3435
8579
3895
2631
6886
1769
890
3839
5597
4407
8500
6279
9367
2309
8964
9062
9882
6695
7612
2643
6789
3523
3252
5691
646
9053
2394
7602
1272
8237
1027
9264
3773
4739
5699
6765
2980
2913
1541
759
6759
5078
311
2463
5604
346
8982
9109
8454
8117
8753
4248
3679
5947
5020
2303
36
6498
8068
3317
1637
8660
1529
7055
1912
6143
6653
3721
9393
6042
8200
7727
8911
5459
4389
744
2997
2355
3021
4348
6052
1570
1438
4758
7010
1991
5735
3732
362
424
1267
7483
7616
3184
1055
3432
7198
5886
2506
3105
511
9754
6744
2938
8855
1586
2051
6116
9438
2915
6734
7471
488
2020
8903
800
7410
7195
5289
2622
6618
5747
2603
5175
1963
3141
3353
3551
7828
8131
349
4232
1556
36
2345
8189
5429
1129
227
4664
2434
926
1533
3732
3094
9612
8177
9980
4066
2412
9446
2642
2922
1622
5057
4076
3724
215
9482
1881
1582
8705
4393
4530
7636
5788
350
1227
2155
5434
8443
296
1317
89
7006
2541
7361
161
8078
5853
6918
1693
9217
3508
764
294
6599
992
2215
3243
2967
6842
5312
2813
2789
3715
130
8055
7788
7145
4862
8619
6125
1081
2172
3959
2308
5326
3727
4470
9556
6887
6403
5746
2847
2439
7861
935
4883
2390
4767
1700
4708
1925
4878
3323
8498
3935
8706
4104
6631
5226
4450
926
9375
6749
3786
6844
244
4300
3010
5630
2501
7710
5836
6560
5747
5504
4825
9741
6888
9042
5464
8390
5140
7567
4780
9695
8645
9338
2425
755
4162
1187
2859
887
6996
1337
2803
4684
4658
4778
3983
7870
3015
5286
405
5834
7634
8914
9596
9740
634
1992
343
5990
7100
315
2014
8556
4147
8904
5530
3372
9570
4872
541
7292
8816
5234
8956
6364
9697
7597
7963
5130
1869
6435
5155
5396
9504
4929
6994
7543
2669
4380
5343
9270
9456
7469
1256
6679
5102
8701
570
5048
1291
7932
6316
9951
4216
9530
4905
2303
2390
5896
1992
6597
7756
409
3225
1554
9568
6771
6975
4532
454
130
2612
2940
627
6187
8861
3716
9308
2813
668
1450
5168
483
4012
2037
7406
8022
6156
3353
3444
8352
9051
341
8214
8092
3212
8601
5383
8009
1654
9444
8631
2013
4971
2460
1930
8870
83
2871
992
4636
9252
4918
5126
5170
1616
9458
9272
1515
8428
4398
4065
9609
504
9180
1697
8144
2879
6252
8585
8394
5501
4462
198
5763
616
9528
808
7749
6860
4036
4430
5902
6103
9761
8304
1021
6270
2618
7849
3419
4954
6371
8287
3382
4627
6543
7311
2601
1303
3663
3114
2263
9830
9173
3446
4503
4093
1494
7538
8441
6126
4862
4267
2551
3560
7614
3652
9175
9064
1696
5365
3068
4892
9323
3218
9244
3856
1858
2054
4700
71
4422
8749
9751
6823
604
5563
4510
2929
842
8172
1641
5979
4298
3417
3611
3772
5889
1331
1364
7444
7017
9328
321
1797
266
5487
3838
3394
9448
8425
5339
83
5542
1782
6108
9602
9512
2009
6954
2533
5078
954
2151
2248
412
8494
9759
3142
8990
4644
5545
8356
105
2878
7069
9418
8549
442
3072
5023
8983
1420
5419
5648
2018
8299
42
3724
8013
5253
3552
3807
9280
1679
6855
1289
4328
5644
2181
1594
5322
3705
3338
9949
6308
4723
9910
2158
3983
4598
4151
9561
1057
9428
5872
7825
9726
1758
3014
3785
8063
2113
3732
2802
3627
1712
2750
6690
8449
9321
9234
9981
712
7991
5690
9427
814
1044
5246
7446
4524
6377
4119
4406
3514
1923
7215
9658
3199
6963
2131
1437
4113
1283
8410
9427
3723
5760
1327
2215
3501
8760
7050
4883
1276
3345
7518
2154
5290
7796
6507
3589
6576
1028
3
792
5608
1887
3146
528
2552
96
9286
5820
9192
4862
4342
2677
6597
8660
3711
7836
4446
94
8882
8974
4587
7037
5977
5158
7917
8759
9072
1423
8496
1022
8176
5060
6542
7723
8262
631
9757
9591
7667
7162
5288
4790
6973
7741
5148
160
5922
4580
8872
8877
5692
6900
1912
6204
7840
5531
8635
9393
2977
7801
6847
8985
5441
6126
4559
7195
4280
3761
8787
5100
8157
5627
4325
9519
5617
5038
3556
6007
2187
6245
7777
7435
5358
8473
9831
9077
5910
7692
6840
902
7793
2870
6546
2202
27
3306
4064
51
5906
101
9564
1637
280
498
4387
8285
791
2892
3969
1502
2847
4385
7995
2490
6890
4800
8332
3098
8064
3791
647
1994
7046
1899
2123
9924
9970
4812
5172
6183
4282
8244
9310
3684
7626
965
9365
2100
4819
8620
8744
8649
3009
8414
5276
4096
9621
8909
8284
9472
6401
9318
6845
9090
5747
8187
1936
9404
6808
2136
225
1532
9122
5476
6061
973
3348
9254
1840
4105
3642
8657
2892
4012
5925
1678
1573
6608
3636
9301
5386
7450
1726
5511
3230
4097
9356
6874
3364
1910
196
7810
6505
7892
6672
4457
4987
9509
6380
1467
6808
2991
4606
4272
8561
8282
8881
9814
2173
7310
3529
7995
6202
3965
4363
3316
7166
9818
4917
3485
9324
421
7944
9998
4977
3045
2710
8277
3118
3440
3254
7238
7697
8490
8293
4684
9724
1143
22
3450
1623
735
3290
6099
4320
8541
5019
7794
2881
8339
3490
9719
2938
7998
5096
335
1581
7490
4074
1807
6169
1234
1573
3580
8638
9118
5249
9289
7952
9609
4315
1294
9366
8869
1802
3874
9537
9086
8210
4901
394
4336
3127
7629
9876
1605
329
9675
4545
8927
5230
6936
8113
4590
2622
8241
8212
2799
6888
9996
8401
3538
305
8390
6079
5174
5004
2779
3520
9187
2213
7073
7774
5011
4904
3746
3437
1069
9487
5188
4257
2272
4312
1414
6632
9769
8452
4665
5671
689
2236
5497
7827
982
7775
1238
646
6245
4902
1203
9314
4528
6984
4714
433
7665
3961
8890
10
8091
9149
6191
2800
249
3259
1453
4020
7063
3516
6472
6059
1177
3187
2818
4571
5179
1734
2546
3247
2949
1707
2989
8393
4459
9422
1892
6583
9295
2782
8874
926
4035
7464
640
5107
9519
122
1695
9369
3755
8074
3410
2276
5194
4911
2701
8812
5139
8253
4733
2733
7197
9182
9774
5083
9030
1324
6179
8659
304
7595
7110
7389
9528
8531
8332
8958
901
1963
3427
6201
5098
2497
4250
2389
4535
6534
8606
3850
4114
3798
3069
9173
5470
293
3289
2171
4837
1845
4587
3738
2008
3492
6480
6395
143
7698
5717
9172
6207
2481
4730
9642
7831
9701
6566
4835
8662
6842
4952
1306
9902
8293
8372
1627
4477
2531
5122
2126
9038
1709
4463
4512
2715
2541
286
5133
2124
5947
6607
779
9041
2128
5242
9023
1847
1179
7913
5218
9099
2273
6287
8286
2201
8991
4888
2979
4383
7196
1038
7623
9459
4762
9541
6425
5021
7915
2452
22
5010
2351
1664
9077
1391
8491
4615
9901
3454
6694
9430
4646
552
3454
1223
9292
3447
1576
4075
2576
1447
7283
7216
4970
8296
6669
3775
5369
5202
9248
453
586
8902
3877
9307
439
1357
7144
7460
9878
7600
283
1794
2371
3154
6725
822
1976
9534
2211
6274
5112
6360
4046
8477
1435
1091
5437
3042
4371
8415
369
213
6206
6860
9598
820
8244
3151
1130
8357
6416
3584
3438
4401
7260
2366
9753
1741
4932
8592
5876
2881
8253
6713
1216
56
7231
3750
2844
2738
8956
5991
3666
3849
3109
871
6849
5934
5906
3642
5381
6991
4926
7027
5666
4200
8982
2831
3888
322
7462
7777
112
4508
7332
427
8717
1493
1400
1205
9454
8772
3256
5837
3176
4660
9651
4972
5312
5439
4083
8337
7069
5109
9669
5324
6700
8697
7205
6121
1549
5896
9602
822
1531
7895
2432
7923
6873
425
6957
3302
2312
6218
5867
2103
4437
2266
7372
8159
5871
1433
5932
2280
7238
907
8584
176
2431
8617
8620
672
7652
7732
3178
9123
6792
5158
9015
5382
5512
8359
6271
6779
1741
8664
1737
4425
8350
9712
1285
5395
115
145
7489
8499
6484
7126
107
5491
7087
4731
97
6552
2297
9449
5844
1708
8108
4493
8107
6470
6270
5667
7476
8136
7186
6164
2981
85
5576
2345
8513
3005
3647
507
5958
4886
2987
89
3794
600
898
8805
5318
534
2208
9772
5315
6036
7802
6863
8145
1785
8031
194
8415
6242
2971
4689
9380
1984
9397
5962
8052
6624
1944
6235
4206
2406
8111
5289
2114
2373
9529
4250
1888
6940
2493
9808
4699
9568
3751
498
8397
7570
1919
3320
4436
3117
7819
7027
9562
9647
9131
9558
1714
2721
3538
965
7630
1733
708
2969
2398
8171
6187
5485
3811
9744
3380
2201
3441
4739
5766
3256
7554
3909
7538
5176
3608
8109
9574
4237
107
1445
8476
1810
2416
7140
9520
2301
1690
4745
3582
1070
7130
5825
1961
5940
914
8549
1049
5868
5832
3891
2732
9975
2966
4087
4301
8950
3069
2821
6513
308
6154
9862
2398
2161
5537
8157
3894
6215
6534
8213
8658
5595
1819
9977
2362
6769
7042
4063
736
6124
548
5841
2572
3217
8683
714
4002
2711
106
2394
208
1965
7356
5270
19
9287
6681
6559
9433
3063
3109
2221
5250
7396
6611
4503
4928
442
8152
5570
3805
6061
2217
9588
267
763
7926
4788
2950
2078
8000
3760
8502
9914
8853
9097
8753
5113
8861
3887
5197
3136
8125
6325
9619
3550
2664
3073
7487
4097
2693
7074
2628
6836
6844
6942
7756
3801
9642
5159
3581
1231
6613
5658
6648
6064
6649
7268
666
4314
8912
7696
7797
6408
3328
4081
8697
7036
622
9545
2092
731
2848
8148
5785
7317
9264
5940
5540
2799
7725
937
6572
9487
6796
3053
1945
5827
9083
2217
9396
8559
3206
9447
5270
7345
9043
9782
4153
2898
8183
1795
9594
8956
7099
6971
7424
1010
8922
1433
7927
5841
5265
4301
549
4193
5881
476
5725
4631
5281
4238
1874
7051
7187
3192
5507
2160
8377
2742
8741
6229
4505
5509
4366
8952
7308
2794
5181
6690
2268
3619
7400
9235
4171
8136
9597
7562
2545
716
730
4928
7933
4102
600
1810
8796
7703
1889
1946
6632
5559
8530
1225
9095
7745
1676
2403
9957
7767
2133
4662
4428
1987
1563
2344
6175
1244
2953
6045
4502
1489
9346
1058
9412
5013
6265
6681
6532
5751
4419
1889
5026
5324
9173
5712
1062
4939
2247
4976
6234
1829
3786
4852
8301
8160
3797
3878
9201
8383
6011
5534
5582
1103
1833
4609
9513
4079
6331
2707
3296
2365
3470
7322
5852
9881
2640
6753
1225
6217
8660
9141
3713
4265
5457
6752
9412
364
8378
511
6068
4355
7304
6402
8333
6697
2708
1280
2882
8521
305
4533
2162
9292
9029
5849
3962
9619
9768
8061
4452
3837
8118
468
508
7381
2799
7788
6307
8812
7421
8729
6669
7390
8549
4236
7893
7827
3462
949
769
6805
7327
1538
7808
1961
6205
2658
7791
1596
7858
7562
6747
8011
9633
4275
5504
1439
4598
7087
5760
2595
3235
70
5312
1987
5124
8785
7756
3443
3444
5586
6123
7353
5993
7038
8237
4664
9882
7320
6593
1098
1376
5948
6082
745
3114
7508
5649
1706
1435
2106
2703
6534
607
7707
8705
230
4347
228
6662
7035
2481
8620
308
3928
4595
5054
1086
9052
2927
6609
3810
9983
5832
6181
9054
9449
7461
2861
2019
4873
2019
803
9426
4265
7334
9004
51
8924
9452
4730
9397
2480
9906
8504
3151
4950
6305
2437
4821
2618
720
2320
6407
8001
5693
1308
5747
8639
9493
9888
6602
8547
4560
9374
8703
5615
91
2365
5676
9655
557
1782
5903
629
8027
1832
9090
9495
3959
3976
7352
3318
2066
7944
8707
9011
2770
8738
5827
592
6607
3890
7849
1977
7592
926
2393
3053
7603
8178
4926
2925
2273
8940
6039
9423
2943
1617
415
5455
3305
3802
7514
1347
73
7518
3948
7466
413
5421
5684
2192
1079
6263
597
688
5821
8791
7749
1607
2801
271
6254
3440
4523
6721
9137
6642
1570
6055
7435
7090
8683
1535
8688
3542
9288
9799
8452
8856
2753
3265
6665
7091
9039
9907
2050
9645
1781
4541
3669
1248
1466
2536
9407
2998
3793
2520
8274
6049
3306
9741
4794
8261
3521
2972
701
3043
2931
5429
3648
6898
4353
3553
4486
3244
3806
5161
5651
4898
4402
5110
1951
5709
9729
8768
4615
6419
6630
6581
3789
9825
1544
2553
1183
9771
2191
2804
1973
4285
2736
3085
7876
9149
7491
4321
5151
9280
230
4575
1150
8245
554
2723
2135
8226
5355
5789
6936
1417
1693
9821
5302
3574
6194
9214
9679
1448
585
6348
1836
7849
8752
7795
4275
6524
9962
5909
7449
834
1643
776
5253
3193
9040
6778
6751
8178
1659
3425
4087
6941
3244
8036
3794
8435
6988
3823
1470
7264
4275
6007
2151
635
137
3515
3875
6915
6874
290
3847
4904
6882
471
237
7458
7559
4878
3005
9378
5894
6962
1192
9220
1286
2684
3939
365
2249
4130
7504
855
5265
8762
4633
8598
9423
2601
2998
2582
5670
6812
5134
5795
2606
738
4089
8661
245
276
132
7238
4048
7266
1710
7905
7743
2524
2175
2872
350
8057
825
8546
9287
9079
3702
8463
7765
352
7633
5289
4196
4422
8177
5578
2052
4011
9551
1140
45
1311
5208
5009
3756
6086
1646
55
2939
9109
9354
7863
270
6329
1292
4531
3450
2037
7875
9290
976
1046
7655
6161
2935
9364
6355
7071
5560
3735
2801
8549
9795
2659
862
7016
9038
2802
1820
6924
5278
6797
7366
767
6606
3703
1118
1808
9708
9157
3027
186
179
7150
4238
8689
2179
1243
7707
5799
3757
8586
1988
8635
4618
4933
9673
8255
2204
5274
716
9396
1356
4727
8601
2004
977
6293
5363
3500
4354
5277
5962
5300
1491
4619
3592
4700
2300
910
4922
5429
4408
9112
9996
4618
6536
8793
477
985
2167
7682
7026
8241
4681
3432
2070
1913
5180
2104
6079
6155
2385
5553
1740
6715
8308
5970
4842
7944
2726
8481
7398
4878
8268
8613
4221
2406
7696
5649
5823
6747
8181
702
7489
1017
1177
3299
1426
19
8851
6708
5062
2625
4107
2420
366
6389
8281
6600
6808
6168
3077
6825
9042
6198
1310
5365
9770
1699
1350
6531
9697
9960
3498
7602
5375
8366
8704
3197
2352
8822
5353
1180
7419
7858
3109
1882
7235
3284
8310
8063
5398
4465
8413
8009
8818
5073
7841
9084
8728
5637
4974
5651
745
9653
2681
3745
8590
742
3490
6361
1028
6389
3938
8838
6579
4147
7412
7992
2943
8732
3152
6364
2615
629
2178
5094
2587
6562
4457
4270
5547
8929
3020
2132
4939
6422
2503
3777
9506
9812
7747
7387
4674
8069
8243
8005
8226
5766
90
3697
6854
4162
5947
851
1584
26
6776
6883
3216
749
8540
494
391
2634
8164
1978
9273
6575
8247
9380
6305
7580
7847
2840
334
2409
9296
7916
7563
4833
8493
1082
4621
9754
3994
8
6021
5298
1971
2741
9973
2824
9468
4034
5776
8371
5834
4554
7497
7043
3726
6735
8477
322
1922
5667
2221
7143
4044
5249
3620
4791
9407
550
7575
3832
6449
430
6538
8163
9976
3759
1855
9285
9789
9276
345
5539
3586
9175
1455
7351
5631
5367
7755
3755
4248
6881
7298
9377
27
5798
1471
9580
4582
6569
8776
9279
3749
123
450
7936
8233
7765
7361
473
3572
7825
2295
9835
5520
9046
9997
2478
3487
7502
1311
6666
5661
1989
9298
8555
6642
6528
4209
437
5845
3560
2005
9060
2474
3090
5843
4845
907
2572
911
3815
3076
1845
4398
4672
728
7194
8921
4541
3122
1657
7549
6722
1446
4692
9343
7274
7013
4659
5534
8500
8687
8086
8097
3354
3827
950
2655
1023
5234
7399
3949
6916
7890
4285
7857
375
6782
9623
5638
4424
4667
1324
8889
1097
8901
5200
287
1218
9159
4547
3977
9519
4634
9431
5296
5542
7557
2333
4379
6280
9282
3610
9040
548
7922
507
470
8018
5366
6818
9592
8707
9614
7755
1478
2914
751
1488
7782
8839
6957
3236
6808
4232
6665
5664
3302
6412
7603
3625
8666
2382
1872
6330
5002
1482
2502
579
3615
119
5653
3534
1876
8177
3344
9737
6617
4274
9865
4085
470
28
1210
2042
4621
6517
1407
1605
1208
8976
8722
9519
4898
5876
3086
779
1394
9691
1461
7435
721
9737
9949
4928
2349
7
8469
8412
2758
6987
1701
4757
7733
1014
9699
4105
205
2617
5458
7817
9257
3269
6597
4915
2421
7534
3170
4080
7673
923
5137
1094
3872
8060
8851
1099
1495
3272
3648
6247
7200
6242
776
612
2214
9064
3563
8917
795
4360
8469
4208
6254
9055
9873
9
344
9408
2014
3549
5365
9997
2591
648
9871
4180
9483
4323
3430
1657
7813
9293
3085
7388
9447
197
5182
9895
87
3633
4605
4535
7532
6414
2681
4868
6617
1589
4351
6734
2695
2342
8553
1238
3474
2308
2692
2406
6074
2813
1759
7870
5273
9140
1487
236
3412
5036
4911
2055
3579
2307
741
7064
218
6920
288
7782
2578
3739
6957
2861
4402
640
9129
1513
7022
2512
7265
7173
8210
2700
3877
2410
816
1662
9755
6486
1301
7742
607
363
4410
6493
5288
289
9861
5186
3734
9402
4000
9215
72
4559
7777
6895
8618
412
6601
3310
6827
84
6713
4661
6364
3106
3805
4528
5764
7374
3804
974
289
105
8040
9188
3354
5989
7600
7103
6128
8931
4933
9540
2066
1178
9658
2853
3807
3841
2308
243
9845
905
8257
651
5993
1834
517
6222
304
3497
9599
272
7866
146
9498
1085
1054
5032
319
9939
6496
2582
872
9168
9856
1473
6448
409
6252
300
902
5203
6853
679
2079
4338
1007
117
9115
988
9025
393
7040
1385
8637
9517
5011
7322
1578
1598
8998
1890
2908
8183
4171
9429
6309
2520
5254
9516
1941
7874
8368
9890
4157
6098
5432
9759
7074
1912
980
2462
6988
9956
7365
3228
462
6684
4632
8576
8480
7675
249
5362
3191
1529
4035
9257
5495
7123
6242
1588
8479
9303
4281
6148
1922
7759
302
1093
8918
9863
3859
8888
3845
3820
3665
8174
4177
3108
9309
627
6709
4244
8268
3092
9286
6177
51
6510
1368
2486
8278
3957
5133
479
5282
5005
200
6960
1463
7833
400
3206
4893
7838
8656
5415
2999
8786
2379
1256
6117
3799
6268
9083
1731
9774
2028
2275
6639
3497
6189
1846
1208
6162
4051
7021
7522
8129
3667
8283
4966
126
8259
1976
1941
9683
64
9529
6301
8237
4879
4317
7125
2767
907
6806
2050
6515
8621
3298
5644
4734
5898
1958
2363
3663
1638
8054
107
6100
790
4227
8910
4232
5379
8273
2896
8941
2458
276
5878
3650
9697
8487
2768
2465
7684
5512
3870
9976
9597
9123
2542
913
5346
4489
4291
3376
2857
8749
7505
7337
7238
1164
8181
1548
6773
998
594
1534
2898
1437
3414
293
7893
7769
4267
7183
9676
9189
3273
9632
1297
3482
792
4982
5899
437
2003
3930
4880
1144
7433
9254
8999
1002
7934
9757
1307
9659
2062
1692
5788
9529
161
8699
6896
4184
4201
3887
1319
4977
9992
2543
5004
330
8863
3489
8295
3982
3457
5985
831
72
6871
7357
5277
385
9164
2016
6411
1524
3368
9481
4796
3835
1274
1815
245
5080
719
7907
5257
9953
3807
5434
3490
4600
8230
2054
3419
5718
7664
2552
3819
6308
5326
2932
2043
4918
6677
8264
6505
5140
7045
7850
8869
8358
6807
8606
8536
5724
9904
2721
7109
3463
9410
8612
2328
9288
8514
9496
9147
8034
6852
3155
2951
5070
7170
5021
7127
3500
76
5514
8055
3552
8633
2067
6316
3312
5083
5923
558
7241
1649
9531
4576
873
3574
4626
3201
9501
8054
813
6986
4455
7329
1639
1399
6075
8520
173
547
3094
6213
8377
1195
3884
4983
680
4869
8653
7322
1418
5498
771
2053
3510
2574
282
2797
1463
6577
4732
935
3271
8445
5592
1563
2279
4559
8142
356
8120
2739
5626
7363
7753
6073
9451
7092
5101
8868
8911
1816
9192
8992
5085
6497
5382
2707
1342
2188
2248
6252
9032
1081
1356
9304
4601
5318
487
388
2636
5369
7234
2493
4235
9100
4223
9411
9874
6579
2470
1612
6428
7593
5536
2133
5020
4648
607
7954
2585
3064
8664
6087
4695
1038
366
8207
5598
1542
1820
8889
4985
7404
9439
9251
8958
7539
4190
4863
3845
1160
5511
1058
9526
8577
5783
7019
3363
863
8373
6161
975
7187
747
5909
7738
7837
2386
3158
5099
3775
6521
1891
1513
4624
4899
8779
6357
9804
7082
9104
6247
121
5539
8922
4627
4404
6528
680
6264
7210
9131
8738
4309
1619
4182
5834
7592
7176
2796
2336
5733
1845
6835
212
703
7034
5345
2119
3990
7643
6248
3482
6989
7959
8816
5016
5878
1862
8959
128
6685
9308
999
9114
8670
7498
4780
9882
4115
4691
5504
5522
4606
604
9037
1122
5183
3261
703
8987
707
7780
779
466
4186
745
1584
3104
4259
155
4985
1189
2198
4793
1179
1804
621
4718
5057
3418
3408
4611
2370
3488
1244
1080
9996
3185
7199
750
9887
9869
6258
5547
4808
4827
7299
7808
216
101
5150
4087
6097
365
3656
8118
3421
3118
3384
2545
9754
7181
8131
76
6758
1646
6658
2781
211
4099
2225
4272
6663
655
6726
2420
8674
2329
9084
8979
6397
4220
4428
3903
9756
9515
6311
807
9551
7890
1522
4249
5339
6903
5791
6257
9519
4368
8212
7472
3398
3230
7706
2440
7913
9766
9395
3187
8254
321
8441
4452
6593
5513
8432
4677
7437
8980
55
4399
2582
3261
432
9432
8454
8701
6009
7031
1811
5449
4806
4227
4186
6181
6413
9833
8730
4038
2382
2556
8175
5957
6669
3719
2793
5232
7997
2494
3032
5418
219
5203
2135
2259
9876
2260
1874
3570
5876
4321
6693
9118
9612
9483
9650
2300
2223
5240
9102
8979
1929
4099
9545
6331
9085
9025
361
6772
8121
6526
3858
8083
1144
9846
3060
647
4084
1040
6816
4138
3221
9364
7560
19
5019
7420
8146
3288
6740
5513
3641
7792
2714
1341
5089
2455
1932
2469
3509
4618
5335
1546
3646
4274
433
5469
3810
879
9538
8159
8182
5929
3504
1923
5361
7387
8645
59
2799
140
3055
5663
4799
1122
7572
1180
682
1627
9119
2104
9648
3798
8956
7156
3809
8764
315
715
9764
2141
9332
9623
616
8052
152
3315
884
8076
5344
3914
525
1324
5637
2558
9252
5565
6587
5813
2537
957
3434
5326
9600
8284
9914
2993
1150
5108
3466
1237
6304
1030
2509
9531
9368
7710
3811
2919
6646
3896
2031
2719
2063
5516
4778
9579
7516
5605
2899
5228
1601
1024
6640
2202
9384
6384
886
646
6553
7278
5938
2478
9673
2909
2674
4031
1181
3068
1506
132
2089
516
8374
3180
9305
7457
6225
5690
4154
6206
2464
6310
9958
3401
6759
6097
5163
4949
1173
4245
2823
6830
5366
619
4626
6600
1589
9398
9704
9936
1084
3581
7442
3380
7866
3974
2815
2014
1599
8174
3108
9643
4055
757
4573
1962
576
3286
1534
4224
9226
1428
2684
4041
5467
8911
8241
7049
2044
9590
4847
8704
9203
6727
2772
4235
4493
1426
2054
6775
9656
7211
2540
4881
6986
5966
9257
889
4290
7165
3910
693
3705
9317
8634
6338
8516
2175
5096
5925
9353
4274
2886
7791
9068
9653
6517
2927
5333
3954
8498
1089
1855
4807
3992
4836
8959
5542
3167
6330
1263
1452
2485
5032
7462
7230
3783
6237
3174
1279
2957
1008
9426
1742
6847
3698
3610
1020
152
6146
5220
6732
8758
1743
1481
275
1050
3352
9865
7487
1986
2047
6843
7028
4768
8061
6534
1697
3719
5631
4885
3074
3602
7149
6282
3246
1441
7579
9346
5264
4224
4153
4384
4291
5190
9685
6249
5494
439
9248
1244
959
4822
4270
2188
3323
9691
6391
3819
2804
1117
1338
7028
3836
5100
7922
2613
4102
8941
8416
5560
9012
403
6343
3820
6042
966
7031
8933
8465
51
7378
6988
6232
8256
394
7972
5093
4874
8779
1419
9066
7869
7141
9240
994
6399
4241
4263
2442
4345
6356
5231
3692
1363
4658
1741
567
3579
7818
2414
2187
1026
1216
2526
7824
7043
3368
9688
2790
4529
7581
5896
1046
2524
4241
8245
2008
7951
3679
2341
270
1481
2652
1164
61
7509
7724
5877
2124
6457
8097
2763
6293
2312
6110
6196
6105
6564
1690
4715
2928
6052
6448
2072
1630
2541
8212
1390
8705
4656
7695
5602
6758
7312
9771
1155
3515
3422
4730
3337
2031
1715
5312
382
4134
4809
2306
7220
7737
9094
5094
7330
6634
2534
3130
7167
437
2932
6256
4457
7953
5781
4023
9521
7366
5570
9861
6599
9433
4784
8144
782
9683
2909
7836
940
1552
1512
8622
9505
4466
3710
6784
6433
2646
8685
2029
639
1374
7702
6364
4871
6846
1668
6153
232
738
6692
7166
9197
7548
4912
4274
9447
3980
7851
264
6265
6631
4539
2136
2991
3450
14
410
2971
2152
1723
8350
1677
8799
8615
6777
5679
4217
2944
9738
4202
7774
5193
7723
7449
5399
6482
9155
4136
4141
3443
2392
4072
9392
5445
529
1650
4308
5501
9018
3733
6325
5558
4705
3326
3163
6889
4653
6547
7624
5580
7038
7372
8479
3477
1247
7598
4463
9081
1336
4357
1180
1382
4896
4958
6911
7017
3968
3742
7443
4844
3443
6722
145
1008
2009
2373
3510
6691
7739
6599
3823
221
985
6384
39
6605
7726
5313
6311
203
9989
9298
1340
362
581
926
1095
5532
5992
4952
6525
6609
4313
72
7167
1070
9196
1413
4868
2358
7943
641
4833
4776
6350
6444
6331
5380
5005
2757
5908
1243
8974
6964
8433
7506
2202
6589
7420
1778
412
9186
6821
8112
3505
777
7875
4932
8156
5732
3433
1208
3462
3427
7507
207
658
5042
4191
7695
383
2624
6825
3980
3526
3374
1791
1571
9635
5679
9027
9024
6161
626
3919
2284
8510
617
9794
2438
1150
1414
3001
2781
8203
1105
7609
5127
1129
2312
4632
1713
8616
4980
3595
6788
7490
2275
7578
4576
1733
103
4480
5976
7323
6011
9247
937
9652
4605
9424
8376
5205
2861
951
9063
4234
7056
7525
884
7847
7121
4472
3791
9340
133
6797
2261
7639
5993
9494
8845
5635
1611
7238
7631
5709
9121
2456
4492
5752
6617
3232
3438
2631
1551
1961
1164
5303
2068
3086
858
1071
1681
6692
939
1840
7832
4
8100
9478
179
8119
2351
7249
7884
9738
3000
2141
7384
7776
9992
7228
3905
9527
7707
4998
9598
5730
608
2439
9041
5766
2957
9367
141
3777
6140
9239
3553
1092
3062
3798
2662
721
8778
5539
4769
5535
5193
9453
3253
6282
2754
9414
6088
9384
8245
7575
6448
5143
1670
5085
6490
3873
912
1873
3799
2481
3732
37
5588
8240
7101
5641
5124
520
7520
9742
2108
6058
5669
9618
5130
4970
76
7898
3971
8456
6367
1006
8488
3978
98
2557
228
4788
9721
4098
3957
6314
359
4478
9220
7596
8478
1189
4419
7360
8407
3093
6658
6366
4495
8944
5773
3508
9405
426
2710
5130
780
2622
9082
7760
169
4684
8435
1587
3403
557
7738
2958
2345
3799
8998
1853
4924
2603
3061
6893
3779
2316
3894
5392
4781
9274
6465
492
1255
1660
5876
8627
4193
157
7066
2269
8127
6413
3962
6945
4329
4584
8842
2115
1327
7011
3501
2503
9069
7138
8416
2115
8807
2679
1613
2611
9457
1734
682
3862
3070
5556
8338
8038
1187
9933
7293
7077
5718
6068
1790
5203
3800
1461
2217
2875
1853
1382
2799
8285
4404
6909
2951
6119
6471
6923
4187
1900
3185
8358
7052
6102
8662
1412
851
6712
6724
3683
5301
396
3892
9461
3842
764
4317
7657
4475
7868
4405
581
5693
2852
8084
4815
350
1787
3480
7051
7667
2638
1071
735
4508
2785
4932
258
9132
3932
3353
6194
264
711
109
2245
9772
8304
5802
4328
6468
7881
4989
1923
4126
3215
7107
1005
9178
4468
4493
9179
3786
5294
752
5716
9564
5081
6060
9489
1809
8423
9862
4416
9353
664
2163
3399
5101
7428
3396
8805
6201
8661
2025
340
5604
3634
5779
7371
3213
1590
123
9360
7508
8032
6824
8955
3906
6307
3088
4197
9077
4429
6863
2671
5916
4084
8461
2623
4524
3724
2159
3061
7421
902
620
9693
9140
4067
5754
5421
1229
3494
8516
4221
8884
3079
6619
4694
3153
1747
6519
1347
494
3393
1943
4052
6245
2560
1964
8738
7835
7099
2271
4621
436
7935
6858
5264
9217
2163
9114
166
7901
262
6255
1766
3055
8711
5757
6090
2412
8733
2402
510
2397
6327
9988
9683
1097
7854
8838
8339
9391
7206
199
1870
9554
8371
5000
6435
6912
6185
3080
6571
6993
2475
4718
3344
6441
6533
1393
4363
2890
950
4151
282
1769
1780
2121
8624
6746
6579
3471
9238
8315
7217
493
8047
8155
7400
8345
2298
7157
6055
4248
1200
141
8906
1989
1181
3653
5189
7005
8732
812
3936
1625
4907
7956
28
3465
2126
6206
9892
5482
2143
6692
1982
8948
6915
5795
1137
3826
151
3284
5329
7022
1705
1557
8133
3064
739
8840
7610
8515
5059
119
3872
1213
5638
8003
2738
4121
2994
4568
1667
5819
899
8638
6180
5455
9949
2127
5170
3094
7888
2176
3068
5358
4346
2925
8866
4652
6870
7878
5513
3849
9730
3824
1211
2375
7710
2681
1691
9774
4832
6268
1830
1191
965
1821
2501
5523
8738
1905
2511
9913
2904
4813
1211
6812
5702
8682
4307
4629
2904
5682
7557
1937
8734
7370
6643
2473
2999
5179
3786
1050
4508
7422
2623
5825
921
7156
3349
5125
2534
5871
7500
2416
3956
8497
8211
5307
9714
1615
4158
678
7199
1793
4754
561
1978
3241
1101
9833
1126
5901
5236
7922
3561
8323
8276
2381
9507
8248
7177
3271
6556
956
1005
6126
6838
2574
8168
6337
7026
5072
789
8051
6254
1078
3878
1067
908
529
5262
2379
1518
8162
6508
9210
253
6285
6663
6672
7576
8060
6437
6158
8153
8124
9686
2664
9364
3016
7165
1696
9658
9137
8462
5696
9882
6231
1074
9092
2310
86
376
849
2163
3647
919
6310
9482
674
9774
2350
3691
1685
3004
4446
3586
1428
7499
289
1106
7925
5926
3006
8109
1782
2124
9618
4709
5510
2541
8512
6365
6524
497
4898
9449
6872
8696
1898
5236
9092
2652
3049
993
935
9682
8459
6441
5510
6800
942
3250
935
2504
6653
3664
4675
8434
1901
5141
7687
1625
5043
8997
7688
5083
6463
6325
6704
5508
2042
9153
8457
5604
5447
4188
8677
124
7465
322
6216
4265
9121
6058
19
3047
5634
6775
2205
9078
6964
2782
1295
6762
2256
5761
8141
172
3326
3434
8780
5518
2345
5123
5476
8540
3420
5794
8516
4830
524
339
9645
8298
4561
6429
6076
6246
4705
5238
7047
7115
4427
7778
2018
7605
7117
1927
2958
999
3587
460
9440
4443
3853
960
7418
4919
4875
870
8936
8267
4119
750
664
2199
3087
2943
567
2218
7838
8449
4356
4805
4615
4983
5332
2925
5229
4905
5409
4943
7489
7616
6911
1598
3928
1642
6877
9721
6984
9117
1716
3016
3120
472
8928
580
1281
3845
1991
2358
749
6859
6154
8119
2427
3920
8104
7527
8435
172
3178
3098
7596
9224
494
4780
5007
7733
2243
6901
2328
7226
3997
3144
2297
9333
5286
7077
1211
738
7762
4575
450
4809
6093
839
5867
738
3683
1063
5653
3188
7659
6875
777
154
4161
4953
5751
4439
2158
993
9662
1425
8263
2032
3752
4888
5711
5183
4240
1450
9514
9368
6097
3151
895
3576
7276
3151
6888
4912
645
9396
8969
1349
8539
9754
3563
2824
8050
1362
7572
7248
319
8390
3141
4707
1375
8103
8320
3204
5988
9554
2867
1414
2269
6065
2053
494
7457
3725
1548
8134
2088
1041
3081
7166
9174
8762
2177
3597
9269
8315
5896
390
6398
3646
9548
5574
2979
7012
9787
1401
6716
8589
4275
7404
4620
9554
9732
3789
8991
5199
9699
5262
6114
3951
3854
7545
8255
6304
727
1598
5876
5478
1807
8391
3647
4683
3872
780
9464
1828
5686
6898
6379
4703
5019
3039
2416
488
6927
3977
5017
506
7921
332
5607
194
7196
4666
121
1744
2096
4956
291
5959
1227
2967
6263
2516
8388
6794
6242
859
3860
772
5237
7644
546
8978
1567
2725
4890
6998
2739
5777
873
1939
9275
4350
935
2917
5705
8508
1409
2061
9254
6353
3585
1450
9897
9706
9661
1731
5221
9628
3610
8321
6303
1929
9642
8650
1019
269
6105
6312
4162
1688
2783
2648
2066
6598
2355
9886
6066
9002
4301
7941
7296
650
5494
4564
4826
483
4047
3020
7413
4460
618
9759
9821
5545
9768
4203
5993
3734
6640
867
9786
3203
4249
9422
8880
2943
1444
4904
7673
3373
9417
1591
6071
2948
9181
2745
29
6514
8605
2281
5030
6560
5801
432
6753
7888
2368
9720
4461
8418
7123
2523
3181
5895
2649
7594
7049
4269
6271
1817
2449
313
3689
9592
3501
8115
3978
5661
134
987
7228
4781
2443
5961
1788
5113
5249
7938
677
7045
6939
7591
2023
5828
289
6071
2212
7487
2928
516
551
244
6862
7123
4545
8779
1496
445
9041
2164
6106
7539
287
2460
3930
5166
6966
6287
3409
8020
8332
1703
471
5495
4847
898
5946
2887
7821
6594
2667
1928
1456
9181
2133
5454
8548
1685
7946
2820
9126
4258
8668
189
572
2347
2037
5217
2571
2036
436
6985
6008
5074
5797
8262
9071
7577
4315
8988
1177
6166
5452
5548
5022
1801
8073
5374
9671
9145
1880
9421
6062
5148
65
829
5316
4078
8273
6184
3695
5230
5982
3445
4270
3833
5192
90
9323
9182
4664
4760
8812
6880
7976
4069
5573
4474
2511
648
3997
7436
7495
5292
9755
5076
444
2311
2766
5640
1587
6309
7926
4064
5988
189
6338
1184
7958
6373
3831
3059
6454
8417
1641
9987
5155
4519
9913
7941
9881
4094
5948
6354
5801
5797
3011
1935
8801
7200
3068
8910
6589
6508
5205
5661
7657
3364
4232
4413
6577
6572
6311
8717
4488
1707
8133
4708
3010
8486
4591
1630
814
518
5397
2638
3395
7531
3993
9793
1381
1307
3571
2595
7556
9075
2478
5755
7282
5422
6723
1521
655
1459
9936
7488
4067
248
7252
8407
6727
2053
8057
4841
7232
660
6319
692
1544
9940
7217
431
8283
1004
1286
1452
9596
2540
8759
3997
3554
1072
7960
5138
3154
4558
6148
4225
7274
1518
5833
2191
1958
105
6717
954
3043
6362
7260
3241
5102
7570
8415
1723
8344
8968
6107
1836
1945
4396
4035
8998
5613
6988
6010
1732
1839
9728
4745
8642
7377
2864
7625
3632
5765
4806
2222
4981
347
1230
5233
5633
4568
2090
8872
5514
7759
49
5651
1768
1951
3623
9526
6428
7400
7240
9374
9163
186
9422
8802
8008
717
2579
9464
4223
1735
6688
5488
8607
8397
5331
5777
4671
5961
3999
8222
5041
3332
3821
53
979
2257
6609
9908
6578
4038
7064
8008
4009
1735
7196
8979
2872
5889
186
7353
3824
160
8971
5480
3978
5501
8094
5745
3671
5863
2343
7543
5490
7580
3600
8371
9122
5845
5453
4177
5244
2764
7758
4075
7237
3914
894
3617
4260
6641
6953
6849
7142
6979
4490
2008
9707
5438
8769
6725
5822
3316
7764
3734
3171
1291
5661
9410
9368
6973
1553
7666
6654
349
9936
3564
4225
4359
4680
1854
3922
7602
7508
1588
8150
4134
7746
8838
903
3988
9810
6592
3768
5830
7083
2303
7814
6051
5063
8757
4762
9167
3455
2570
6059
6957
5185
4111
3953
1298
7149
9840
5092
8312
7088
9765
5587
4091
2135
1620
3296
1987
4981
2647
9256
4255
399
1446
3489
1530
1669
3873
2668
8157
7163
6925
8153
9201
678
2616
1738
8191
4642
4425
6304
9958
5423
7817
6401
8615
3373
3432
8700
128
7676
6526
1715
6228
7958
2767
9126
2724
872
9050
5617
7276
8011
4926
427
1388
5713
5546
3823
7969
6171
4543
5720
6896
9784
6643
3926
6174
9863
9733
9965
6767
9389
4345
6076
1193
5762
1407
5643
4660
1830
1124
2957
2400
4161
5572
6133
5155
5800
8089
2821
7758
716
8309
402
9930
6540
6793
4931
2644
1018
2688
1865
7475
2155
8619
3992
8578
6488
7401
9154
8014
1346
6818
8901
9341
610
3584
7595
3641
7855
1403
4880
1560
4376
8623
3265
2489
129
8077
4943
7133
762
8555
5938
7472
75
6232
2538
6611
6444
96
5377
4887
9712
7320
3261
9847
4946
1495
7233
7570
6456
8834
7827
3300
836
1794
2264
7745
9466
2611
7148
1917
8987
2684
4094
3227
3055
4662
8071
8879
1346
4618
1755
6434
2341
6252
3048
4642
6309
5646
1771
6003
4873
6466
5635
7830
6148
5600
2813
5925
1883
9584
2142
8440
4545
4741
1583
5991
1517
599
2162
9644
1917
570
1027
2419
6868
3920
6762
1426
7871
9816
9565
8991
2677
3585
9139
1475
7772
6735
9587
5145
1817
6280
9514
130
6191
7084
491
2616
489
7647
2688
5133
3714
3733
6863
6271
3345
504
4137
8026
1699
7369
7468
9371
2592
2993
5911
4061
1584
3090
750
2562
3238
9759
7555
3166
1418
7012
2724
6547
2901
2900
1461
5349
8533
6221
2818
7594
5441
9994
5862
4288
4310
901
8106
106
3935
8422
4629
8728
3139
8253
2385
6339
6968
1272
6574
7586
7830
5681
688
5147
8631
9751
8084
8345
1930
8824
1600
3703
4598
3992
9592
8038
6492
9584
348
6305
8117
38
4814
4170
9610
3428
7234
4160
4435
9448
8575
9168
4167
4680
3810
9093
2738
2431
2929
8526
7733
9096
4829
4154
5334
3574
6864
3570
7464
3070
8294
899
614
7027
2969
7350
4217
5339
6340
2686
3482
3506
3241
3422
6576
1963
9230
9860
9450
7582
7281
6470
5961
2451
4989
6999
7013
1018
8197
2310
8720
2148
8988
7700
2295
993
9607
9472
8500
3319
4059
5312
5345
4427
288
1294
4663
5328
9159
4685
2644
2153
3544
4806
8683
1836
4227
3443
4997
6742
7208
6007
2198
8789
8659
953
9099
9141
7967
8907
2622
1434
2459
8171
844
4135
4473
6037
3598
2666
7811
9746
9235
1988
6265
3586
1039
2168
5349
3410
172
3550
9264
9401
9087
4709
4845
3077
3782
7443
1043
7373
7165
8986
8008
4434
5855
6410
6024
5447
5066
1516
9717
1642
139
4834
4984
7246
6553
8761
2358
326
3117
7848
1039
4464
5663
6488
9887
5260
5068
4415
8407
8472
8355
9562
486
2265
8015
407
7504
7144
9806
7165
2897
726
8609
4184
8843
1070
5852
4292
4138
3302
7725
2614
5417
8720
7049
1218
3950
5427
1570
2172
7712
1249
7493
4942
7833
9317
4335
4835
8678
7212
7104
4750
1659
5453
4247
3754
6659
1941
3325
8686
6741
7443
7583
7484
6499
7837
7074
4935
9276
4461
5003
2687
7857
2588
9350
4731
4037
7226
5588
7569
9693
3079
5058
3316
6135
5056
884
1035
5127
3193
8000
1306
2459
8051
8151
8703
5344
5947
9694
6172
5055
7919
4523
8492
1311
973
172
19
2142
5354
8896
518
1322
3148
5913
2244
1321
3109
2825
7024
6936
5500
601
540
2097
9306
2649
7123
4885
5645
4753
8643
7033
2476
5766
9654
2686
2616
4649
4540
3000
1835
1561
6150
7168
5265
3929
5969
8389
6719
3083
300
9037
2820
5772
4744
2137
3178
6441
540
8406
6665
1535
2706
5040
5977
9249
4130
113
9073
5202
8904
8199
6561
2274
4804
9412
6648
9381
14
95
1187
7279
1060
8807
3427
2236
1650
5112
