1000
568
512
655
342
984
481
613
644
623
528
485
135
836
996
848
672
698
260
676
630
475
586
122
983
421
506
884
722
9
430
957
183
544
314
353
28
976
822
651
237
693
502
349
598
595
10
778
288
502
386
216
710
308
858
897
234
539
270
856
225
469
842
608
408
882
41
656
690
116
648
547
959
373
37
365
986
172
609
743
743
487
208
539
543
779
345
147
713
646
638
908
167
597
970
736
298
146
369
761
147
694
841
49
552
476
451
294
102
605
326
515
577
328
592
490
622
729
98
294
624
106
879
612
255
864
192
593
650
396
927
510
548
850
758
89
498
670
76
966
152
586
531
802
915
268
553
960
830
332
656
724
220
924
252
100
606
856
185
295
890
700
415
869
857
245
531
830
563
607
323
576
401
582
469
384
783
513
844
969
228
920
352
938
487
766
586
665
704
465
1
949
608
566
851
714
158
210
356
182
446
300
772
376
16
430
424
928
891
266
943
681
932
840
159
587
279
981
284
918
848
624
84
208
319
583
210
951
558
358
996
595
368
807
307
370
343
133
216
847
258
370
166
85
193
49
959
789
167
654
686
775
211
161
638
588
427
33
173
554
149
21
697
978
475
190
166
323
723
176
904
129
840
7
387
184
760
782
69
738
683
483
733
240
381
23
58
157
72
961
170
30
329
794
830
598
661
827
310
606
399
706
806
746
769
692
796
150
789
852
13
303
47
946
572
422
161
990
830
935
466
619
53
48
412
914
6
933
368
987
681
416
953
48
437
445
289
813
189
172
204
671
67
864
983
149
359
404
28
220
541
181
821
252
120
91
371
624
55
785
698
75
106
771
834
381
880
991
845
990
465
245
976
769
243
480
96
561
115
942
322
442
954
580
526
782
778
491
809
600
867
535
854
477
918
645
425
750
493
452
216
618
445
973
189
529
393
901
316
27
532
665
446
126
146
960
40
375
252
972
59
847
631
194
296
375
472
466
784
999
918
808
621
127
811
832
745
105
624
713
801
61
909
800
917
588
754
725
151
841
764
922
869
57
655
872
181
219
652
100
796
515
88
959
114
176
154
203
662
269
502
577
730
733
858
759
659
935
748
302
415
737
406
642
210
737
39
171
503
583
351
921
784
774
647
476
771
625
187
233
729
394
133
304
539
230
599
602
203
852
101
769
676
252
61
151
679
564
699
704
180
734
101
292
281
469
655
444
802
222
188
102
525
108
987
204
128
251
802
838
26
158
441
840
994
724
853
734
664
389
959
243
183
115
568
489
675
308
12
467
708
635
145
655
719
334
538
199
206
90
68
790
307
266
540
167
598
311
114
689
752
473
239
336
20
428
855
45
137
694
458
173
830
92
581
671
979
4
55
750
423
294
83
262
659
820
202
988
187
744
401
878
20
188
270
506
159
388
523
931
8
968
53
829
459
13
172
138
100
620
862
381
185
610
290
291
982
118
926
849
965
658
510
657
744
425
170
270
796
550
210
999
348
877
288
865
703
11
370
476
399
663
683
639
303
572
582
248
456
727
270
284
672
243
356
772
47
588
261
384
327
168
671
429
832
777
753
851
742
768
5
578
192
515
170
610
565
599
226
921
324
625
92
894
456
46
855
893
734
882
421
964
109
997
223
26
689
546
354
575
708
993
718
263
258
92
215
872
615
799
154
594
447
192
38
54
577
342
796
743
945
294
452
782
921
545
453
113
867
273
689
155
493
954
723
31
562
757
94
406
337
992
27
216
940
569
14
183
303
425
694
982
939
822
815
193
70
976
30
151
889
85
912
953
126
495
519
286
307
427
690
183
904
374
768
510
360
72
201
580
511
210
713
879
577
627
386
370
499
102
541
782
408
919
756
359
594
709
815
209
787
890
497
425
326
404
934
768
199
632
299
546
252
541
626
541
407
555
737
389
521
159
966
548
868
958
513
183
124
606
46
451
84
20
269
638
969
96
88
403
629
718
824
53
674
277
357
828
560
226
872
270
333
359
294
604
792
788
995
229
858
207
576
777
994
160
828
43
324
709
714
417
981
613
180
592
189
136
988
473
201
187
59
240
748
58
712
939
369
789
222
767
792
813
794
821
674
440
384
132
283
255
489
641
940
193
75
449
9
497
357
695
21
483
597
400
928
884
889
483
715
446
438
815
296
578
352
557
448
272
902
21
490
114
89
172
285
992
177
978
747
428
740
970
274
853
388
682
583
1
292
354
377
171
391
762
320
612
892
524
640
29
42
289
670
51
764
112
69
995
706
368
85
269
844
422
161
182
899
802
284
