1000
192
532
964
743
607
161
383
247
819
653
811
248
584
971
384
634
451
984
87
834
133
540
149
320
923
139
312
316
835
459
172
498
293
335
747
388
211
82
767
470
327
176
661
141
32
646
104
17
608
378
511
642
372
117
964
998
65
276
690
696
104
326
226
109
189
808
530
375
786
636
619
884
939
616
613
697
534
195
985
480
993
658
243
826
575
337
586
957
520
533
53
373
980
302
419
721
812
777
239
677
894
851
774
581
291
43
399
473
6
158
607
179
675
142
925
301
81
908
128
640
261
594
499
384
85
61
122
555
782
944
93
808
763
276
174
988
138
931
631
103
980
28
389
645
713
104
627
857
630
739
557
220
293
62
66
243
854
674
924
295
855
863
520
109
813
914
12
381
814
205
866
440
901
624
832
227
929
221
472
105
51
273
459
932
418
742
509
955
804
638
69
680
11
410
436
528
417
825
551
93
362
804
314
593
285
606
83
880
478
456
960
440
723
234
335
741
857
358
280
541
626
735
152
346
485
551
941
790
123
61
681
608
249
605
381
692
975
762
451
809
972
871
504
820
419
379
260
787
334
298
127
555
589
504
122
386
35
288
623
953
390
155
503
57
481
853
182
975
727
25
300
162
222
820
58
672
526
711
7
272
309
966
127
891
584
365
311
212
143
570
39
302
862
350
140
901
804
886
369
52
538
670
481
54
489
428
508
568
632
650
4
859
921
45
914
511
367
131
530
731
815
433
152
442
559
330
437
895
207
452
586
625
707
541
800
225
98
451
849
496
734
16
878
958
896
484
478
413
911
565
16
996
605
41
782
15
662
452
190
228
326
653
749
440
70
346
178
208
331
4
589
724
99
726
10
701
100
631
262
631
835
223
565
642
646
318
237
523
159
415
90
311
621
299
679
807
192
850
694
774
233
445
76
192
812
431
20
237
659
442
718
363
896
989
924
210
854
123
729
224
845
735
374
445
168
499
186
889
77
968
366
361
136
464
562
920
916
743
335
402
127
544
282
244
185
652
434
959
721
77
494
84
668
712
590
305
795
881
996
257
615
817
758
250
292
634
84
704
295
699
792
535
630
670
151
37
290
175
866
510
515
872
993
745
297
551
789
840
146
577
712
581
372
423
508
255
401
55
724
532
450
934
571
208
482
648
15
20
152
898
810
386
488
879
293
69
215
863
712
637
608
382
898
920
568
872
138
100
411
266
808
120
8
380
35
99
352
2
8
644
526
546
307
864
604
656
222
122
98
788
803
813
523
901
39
397
766
871
213
484
229
912
715
800
838
561
909
233
500
280
549
489
921
106
100
652
330
389
16
550
831
91
585
260
845
514
441
298
634
217
424
428
989
317
977
304
839
706
949
160
202
821
626
734
364
222
655
409
784
187
551
396
225
927
447
61
500
457
358
722
113
753
72
127
109
757
350
845
744
458
62
716
846
662
643
33
588
50
857
691
456
661
535
247
493
180
841
844
74
598
232
425
726
747
833
794
803
644
575
961
188
109
461
600
27
879
572
197
283
739
541
143
887
113
652
189
590
822
610
966
668
564
645
219
934
115
750
416
249
277
534
609
87
135
966
145
967
68
674
934
240
668
577
873
458
193
651
73
89
250
959
799
30
272
720
740
164
190
924
334
860
877
329
849
158
845
396
523
52
672
111
160
196
145
606
612
51
930
807
303
328
939
548
610
84
510
61
407
884
206
942
607
936
0
99
998
220
386
764
48
688
873
193
191
61
198
875
412
967
880
92
179
42
613
708
323
266
49
393
826
3
338
490
736
745
994
592
562
589
107
850
559
341
545
747
919
775
192
714
478
762
991
830
216
368
604
308
391
788
799
894
376
956
627
290
468
587
263
892
402
478
386
281
234
656
485
289
684
421
594
224
830
392
242
129
620
753
965
87
490
710
258
130
117
292
175
746
480
58
90
300
971
722
765
294
269
470
832
511
906
931
145
504
975
820
294
26
322
838
715
66
567
403
663
136
422
718
689
216
624
930
32
906
311
998
303
348
813
889
168
322
525
150
783
839
726
100
967
347
990
989
11
705
235
897
306
580
213
110
877
213
751
62
477
732
772
997
661
776
806
518
975
388
145
377
610
673
950
155
673
586
196
753
223
24
641
538
318
842
287
985
800
960
513
988
868
668
604
276
986
286
267
153
258
811
746
976
198
297
116
980
847
786
496
671
53
658
206
539
505
982
704
818
412
915
91
470
227
352
869
6
522
794
248
973
764
778
748
872
525
220
955
660
55
607
542
658
312
212
374
