10000
3351
9299
5869
2893
841
7618
7562
1768
386
3525
7426
7450
4600
91
1353
1781
6356
8140
6227
6081
1814
2399
6623
3280
7119
773
30
8816
3248
3394
2735
5513
5581
1820
1945
6422
3981
6635
8596
6256
1424
1473
3668
1350
4749
211
4787
457
5511
6725
6953
5124
924
8597
1035
3401
7834
4413
2637
886
1166
2779
9877
7558
1018
2686
5550
1523
8002
6759
8789
8026
1748
2399
6068
7223
930
9639
2009
6911
4989
2681
3202
8445
3311
2510
5111
3332
8356
489
1955
6867
7750
5777
4624
502
6388
7085
3823
2137
3743
9399
161
3799
6337
7986
9973
8689
1754
6984
3455
683
2424
2796
1312
8448
3122
1295
9832
6197
3745
5950
9333
8955
4684
4728
8358
878
4782
7485
7248
8203
6486
2865
6348
2526
8635
2400
7772
9145
6586
1932
5368
3840
4877
9922
7994
6897
2026
2107
8914
6242
6629
8126
5302
6723
5891
6035
137
8466
476
9394
470
7965
4828
9209
7562
5777
5334
7756
4268
9521
6469
7991
2282
8547
1521
1711
2497
5045
7498
8839
9608
1357
8437
2735
8474
4894
9296
5190
830
8309
5826
6512
3237
2195
132
898
7087
5286
5111
1866
2858
7888
5761
7132
9256
6152
7559
9655
779
2127
5448
6071
6640
8251
4675
5875
7350
7648
2086
2710
3321
573
437
1003
8575
1474
2435
1153
2767
1887
2192
8190
3769
6615
8303
7888
4501
1507
2963
1326
8748
3107
3718
5838
4061
1696
1365
1040
1197
9517
6714
3622
8606
188
4039
455
282
1741
5997
7065
9085
9840
3879
9004
4045
9755
7830
3574
9879
6104
681
345
1142
8438
5336
2432
3890
64
3630
2008
6547
2810
4048
9756
4321
1639
8126
7128
5882
7368
4821
3423
4367
7967
3839
1592
9595
3265
2904
323
7440
8202
8717
2122
7744
3195
8051
834
6325
4126
1921
5217
8301
5274
4556
3689
102
5426
5885
3074
2418
1687
6192
4854
199
7102
5708
4134
2630
8269
9866
2538
7365
4606
8980
1110
4139
8102
2795
7896
7672
9311
9333
2605
8207
5233
6641
5507
2673
7776
8872
2953
5014
5039
2290
4211
7994
5314
2466
7322
6578
5281
1951
1808
6410
2952
2704
4641
3597
7227
6548
9861
7968
2167
3019
4882
7003
4132
4772
5806
4117
4743
9539
2722
2859
8387
7934
5498
3052
8367
9765
1896
9220
9715
9245
6761
1523
4828
2647
1919
9850
9455
2369
7918
4561
7578
4008
2434
4888
8438
3944
8797
1640
1433
243
607
8900
807
1002
8573
4946
905
7738
5812
9520
1046
3861
4744
9380
5757
2796
4197
2741
7445
8295
4806
4431
7484
7345
8547
3879
3547
2050
1541
2396
4683
4586
8421
9542
3616
6263
9347
6350
1811
3108
3427
8216
5966
1502
7025
145
5889
2019
1861
9378
8609
7993
2161
3422
224
8041
1208
6622
7864
9526
6105
5222
8160
782
3400
5476
1
2844
6206
4420
4882
5318
1735
5763
7088
8106
7705
1742
3210
7248
5540
8150
6280
2172
9733
2322
1515
4532
5332
9793
6175
2312
6094
2027
2670
1682
4973
626
5886
2267
1938
1690
7322
6486
7685
2130
9151
4766
8852
3759
7340
4936
9399
2708
189
7972
9108
1743
3345
6182
9933
2178
7798
6683
7735
5133
3479
5194
1926
9525
9132
3768
132
5731
2607
7256
8897
443
4559
5037
9349
3751
7613
4877
4928
8944
3492
1941
1890
3849
3430
9235
8534
8312
369
4692
9113
641
6496
6778
6393
2800
6189
3976
4360
2115
9413
7422
2752
6002
3588
4972
912
1292
6447
6901
5173
991
1809
50
5220
4643
9069
2095
1699
6644
6514
5942
7607
3275
7821
5846
2824
5560
5335
6431
2657
6013
3023
2333
4292
6425
275
2031
3226
768
536
5203
5672
2788
6105
6704
8093
1347
7099
4719
7400
8812
8063
1862
6294
3470
257
6258
5545
1312
1950
65
8436
8039
1986
1482
8034
9079
6751
2937
6247
2056
26
1211
6782
1636
7583
4562
6786
3035
5284
5445
6201
1684
427
8072
3145
8784
625
3299
3998
3244
8484
8465
5876
4259
770
7336
2111
7725
3132
543
3514
5225
1049
1265
2844
1778
2775
8637
6614
6368
9116
2759
8873
4014
8043
4783
2837
1188
6610
2988
1165
2801
3775
9860
2566
1270
8611
8123
93
3761
4911
1397
3448
3237
1659
4585
4357
2547
1589
7685
3614
7287
3575
7320
590
3185
3761
6112
1358
445
8997
7873
616
5746
7042
6126
2157
1796
4488
9223
8674
3031
3323
1375
8948
4097
8402
2536
3484
4905
7310
6221
5390
5090
1240
2572
7547
5726
3763
9311
519
6081
6289
6918
3909
5396
3938
626
7790
8177
9926
2848
1264
8162
1332
7552
7811
3697
5363
7233
2567
8907
7797
1002
9993
7078
9012
7384
2996
6043
2773
2911
5140
1906
2681
1999
2150
5226
3761
4261
1068
9905
7106
5514
9213
1894
9758
3548
3080
9992
4786
6855
9480
9418
7695
2848
3027
3687
5647
9022
8285
7036
3033
1957
1211
2662
3136
4720
4257
4184
357
5754
2748
5528
5741
6634
9067
6871
94
169
8936
5996
2867
3952
1669
2893
7246
99
9266
4185
2621
9236
9786
2692
8997
9573
8477
511
6299
2670
4793
4771
658
967
3441
8474
8798
1938
7328
2779
1927
7753
6390
5040
3481
5983
4065
3221
5896
2822
599
7455
145
5132
8944
4343
6716
6434
2128
130
1790
3164
4034
7726
554
4814
3328
9131
6151
5448
3950
2643
7053
7472
55
6615
6265
9673
4048
520
2368
1485
7560
2399
6641
3980
1857
4297
8002
6577
1736
7043
8044
2909
2079
2062
6531
8435
6477
9086
8029
8159
5355
4725
9141
9748
4719
1911
8855
1248
7461
9001
1419
8142
5417
4363
3359
7527
3874
1376
236
6646
8344
5750
891
567
6134
5350
3808
3563
8634
1497
3572
4203
522
5332
4545
663
161
7906
5367
8730
8022
4941
1532
9371
2893
6601
1519
114
8183
173
6349
1348
4229
5439
5501
2398
9130
2186
2822
8490
4222
2798
5520
3729
8478
3573
5159
1981
9553
8589
9980
4569
1558
1159
8471
1736
7353
5051
3655
3599
2116
1286
1401
7888
5394
6433
5303
116
6927
4543
4231
1236
2331
2307
2037
8915
2525
7163
523
7275
1508
141
2172
5875
5273
8764
2480
7115
9776
5447
9353
1620
7582
7150
277
7550
388
706
9804
3470
1449
8664
1193
2556
3558
1402
758
4695
4090
1802
8320
3413
174
4052
9753
395
8323
9055
5804
3366
791
1855
1563
3235
2727
6954
6436
9777
3614
9348
8434
8673
1452
7370
1104
6023
9618
9656
8344
2608
489
4439
5081
1935
4514
6231
1800
6438
2824
8228
8573
4877
7441
4024
2702
9682
1380
813
1786
3534
501
8701
587
2624
1932
9848
4734
1720
2851
7841
8607
9490
2318
5638
7981
2012
2932
9322
9388
5846
8060
8464
3002
8325
6419
3334
9577
3220
6554
4908
5035
1976
7980
8031
8988
975
7645
5095
2825
7828
2158
5993
4126
113
7580
9225
1421
6129
8842
1952
7035
5504
5939
1942
7828
3842
2625
3901
9855
6253
4299
6697
5500
8053
8712
7631
3721
7522
4195
5417
6548
9471
5175
8484
8587
9249
9913
1302
2831
5458
5221
383
2071
1769
3297
9355
1201
584
1358
8769
1939
2674
6220
5691
5520
2599
621
5762
1462
2029
6066
7365
9075
988
9585
6726
5992
2150
1784
49
4198
8898
123
7898
2837
3556
986
2290
9092
9338
3262
9365
5466
1237
2466
3347
8331
3234
1934
9658
1734
4788
9518
6364
9131
5344
1617
1714
4250
933
1661
3949
2806
9110
5760
244
7513
7413
8866
9167
5793
3309
6422
8159
7080
2924
9599
1368
2657
6699
9775
3500
2014
5020
3243
5013
239
9791
5434
1502
6709
193
4524
6350
8660
3025
8408
2467
6
2064
4749
5991
7373
4997
2154
4705
353
8698
8009
1691
999
3878
6965
7867
4322
1544
4829
4257
5603
6780
7137
7436
3340
3118
5273
3849
1923
5832
3909
9081
5538
6009
6671
9709
4379
9365
2541
3953
168
5587
8914
4066
48
4615
1428
7789
3494
940
5928
118
7740
9373
7641
8290
9061
6832
1016
4657
9879
255
6574
8347
4223
4469
4524
982
5615
5938
2483
5105
7602
5051
3488
2624
336
7793
2991
8757
5997
556
9584
1287
92
7299
5703
7490
4402
7291
7197
4443
5669
4842
21
9885
6114
7622
9481
4965
7645
6239
5377
2870
7379
8854
8869
9898
2476
9577
907
2279
9485
7372
8970
4281
5289
8469
2655
1073
6967
4355
9772
1210
5599
5660
5198
35
5183
8194
5608
1502
2666
2866
6955
9269
5951
9801
8183
8211
9927
8674
1467
1974
7480
7120
8280
7583
3495
7477
2564
3331
650
9117
5818
4946
4715
3354
2926
5969
8409
4796
4686
8870
1033
252
3572
4048
5673
102
6505
7440
1061
1521
8228
2983
3859
5485
5039
1454
7400
4023
9642
2108
3870
8699
4777
6312
4461
7383
6440
6731
3813
2040
6863
448
5934
1668
7841
3084
551
6371
6238
8388
6939
7322
441
7327
7057
7925
6451
8617
6498
353
2022
9216
9222
9667
4494
1039
7783
904
225
7493
8999
2634
4512
9537
3662
4252
2357
796
779
1299
3036
771
6491
5585
3279
7984
1240
8750
4329
8852
1512
229
5484
9555
6615
6200
7757
1484
2559
7425
9789
7091
9587
839
3683
5340
4011
2985
7941
8662
5338
7498
4774
338
1883
8233
4377
1759
1914
9755
8659
4340
6351
1527
719
761
2405
4046
1995
3890
824
934
6783
5256
5453
737
5246
1558
4651
5406
5508
573
9607
9788
9184
6132
5999
5030
7580
1680
3788
4464
6103
9852
6570
8605
2563
2501
5667
314
298
5637
9847
8618
8715
298
5912
6558
8083
9793
4674
4448
6103
6996
5624
3293
1966
5134
7273
5342
9483
2775
2258
1937
5367
177
1709
41
5341
6301
4118
3502
5599
9018
8062
6113
8599
1883
6361
5233
8327
7460
227
3779
1730
6801
1007
930
7891
7731
9359
3331
7643
9144
3487
2531
9273
374
5084
7103
7473
7715
2579
6544
2527
4996
2979
3585
3652
2640
2916
2894
2543
7664
273
315
1768
710
4177
1166
2517
7175
3668
4906
6175
7239
825
4168
9103
1631
4748
5700
7730
7277
8379
338
6060
7144
4762
9868
2184
141
4045
4297
1405
2780
2675
187
8301
8777
7298
8004
1479
7983
8509
9862
9372
1255
4402
4214
9423
4417
4479
5532
3333
1901
2965
42
9755
153
2725
1783
3175
1351
8311
8198
2871
5401
4858
9176
550
7596
6454
9354
6621
7246
5692
1308
7174
8382
7887
4432
7755
5343
668
8139
8061
8712
436
4683
1585
7579
1978
6229
8500
5824
5464
3770
3952
2989
8460
2949
7526
8020
8608
324
8891
7849
903
1104
6080
5342
2195
1802
1209
7806
980
5668
2079
3922
3099
8714
5696
3219
396
3803
7044
8413
2818
1080
6571
6251
6796
7175
9666
5189
3093
1380
8069
2707
5314
9061
9086
1021
6228
4056
3371
6337
685
6908
8126
3183
3279
3929
8270
9956
6560
5069
3210
8961
9450
6387
1086
5800
4414
5682
4094
5539
3529
7663
1967
4433
6367
9920
3765
2269
9156
1071
9911
8252
7242
7559
5903
7939
2820
9933
5517
8595
7080
5774
4619
8930
2035
5025
1180
2551
7719
4841
1693
6130
9680
5050
5165
8853
628
2197
9497
9443
7976
7457
1872
4548
8767
8712
6341
418
6141
2139
2259
8627
4074
1891
1499
6643
387
7333
72
9917
6730
5057
6868
1765
1629
1960
4515
1254
8628
4935
2717
2419
2836
8180
6602
9036
7249
6868
5957
4751
6656
9126
1699
56
9194
1840
3373
7703
6396
5828
3512
8109
619
8478
1814
3618
4709
8733
8773
7285
5427
4443
9558
7153
5051
7259
8264
4841
1042
2030
9203
3088
2831
9554
2944
7031
4282
4888
4741
3220
3619
9888
2319
2811
9919
3939
776
8348
5932
45
9464
6728
7638
2581
9207
1905
3715
314
3280
2782
8472
299
82
4056
1391
7363
800
1587
4000
5792
4536
9420
2972
7215
7121
4204
616
8821
2461
3190
2934
2188
462
7203
752
4088
5605
4823
9582
6677
5349
767
7063
2527
822
7290
163
4766
8710
273
5887
204
9849
6020
10
9155
6289
7651
1276
9208
554
6261
2663
4334
2460
8153
5637
1001
8915
1319
6609
752
3515
9665
9410
4766
4276
5723
7121
821
1141
4404
8875
9023
4381
8816
2786
8210
6069
9204
3935
6959
7922
1758
3394
2776
7910
3838
3578
572
8982
3620
7119
1056
4406
4647
93
2203
9856
8399
2715
6862
1955
9553
6537
814
9528
901
473
1295
2144
9252
9779
1311
5274
1315
1084
93
2737
1063
5890
7572
2209
9172
3806
4983
5754
9366
2748
9227
8605
7531
8406
4795
5859
3259
5004
1276
8989
9989
8912
3295
6918
1799
6846
8460
8917
8505
937
3648
287
3335
2897
4694
3129
1337
5232
8427
1259
6673
3843
5809
8159
7841
2134
4018
3961
5622
2104
6319
5329
3428
5054
7316
1067
9184
3315
3785
2968
8548
3181
8072
293
1394
4091
2741
337
6121
4650
7599
381
3805
7431
1906
3195
9206
9039
7686
3353
9879
3874
2184
8167
9320
2901
8883
8915
3379
4711
1115
7142
8456
540
3542
4536
7597
5637
8919
8878
4838
8544
1927
5956
8700
6475
1698
7653
8061
7364
3820
791
449
396
7294
6084
7204
9291
3185
9026
4484
3053
9222
5220
3209
4377
2527
3994
5724
5410
4909
2532
8341
6854
9287
6612
3621
4468
3140
6912
1036
1370
5894
406
1912
6445
4787
283
4732
5650
5313
9564
6744
7209
6301
1798
8842
6185
440
6224
6401
1862
6702
3366
4362
1855
3124
7953
2473
1732
8301
5393
4774
9429
6378
4572
4385
6726
5964
4545
1331
5119
8151
9685
2707
4255
8853
9023
4273
3280
7571
2463
6194
9477
5148
3080
3705
608
6496
431
4623
4593
8065
9643
2446
4665
1514
7980
2784
1469
5245
7065
7726
3765
4199
7585
5720
147
433
1363
8145
9713
9542
2249
7715
3460
9084
5263
7798
3357
1665
8562
9704
3950
3156
7667
6458
5242
124
2042
5063
2148
6025
3992
9746
1753
1269
3637
9755
9770
4807
6839
2653
6930
7956
7652
2583
4662
8370
3903
501
2666
5658
5198
5146
3072
2105
4684
2428
7195
3523
7098
3404
130
3589
7553
7169
5904
5894
2067
9328
2519
2616
5471
2394
6933
5105
4323
5282
5631
2193
7403
2217
9579
1375
3367
9416
4666
6612
5131
4778
5153
3108
2241
1795
40
6084
2233
1328
2075
3308
5840
7692
9967
4219
7582
3837
6015
769
1081
8105
420
2702
3447
5432
4035
1972
465
2439
8240
7371
6500
886
64
7297
4705
7375
1596
795
1075
4099
961
5965
5488
6883
1893
7922
2281
4280
5588
3881
1740
8879
4696
1196
185
7268
1367
4430
5553
3498
262
4576
3194
9557
4939
4255
7823
8180
4273
2126
1796
1998
8981
5100
1272
2520
9805
8850
6611
624
6407
3579
3822
3305
559
4240
146
9699
6827
8159
3465
6438
961
1735
4801
6299
6536
8563
8543
55
6779
8529
5728
9093
826
8941
7402
6687
5179
8750
7585
3977
6942
1485
6693
8314
9646
5038
489
6775
3362
1981
2030
5870
4996
9446
2622
7372
7881
4608
1749
3739
6671
4663
7514
300
5349
8564
5947
7453
7891
2780
5830
4887
4443
4306
3748
3686
2951
1897
4079
5989
3778
8715
7045
8918
3107
1647
613
8892
7683
7450
3077
1941
8416
2628
2230
9846
1210
8502
7392
8357
7610
4397
5767
1837
979
1310
9679
98
8944
326
8795
3826
8973
156
4000
1619
466
3734
7289
4702
9514
5941
8660
1992
1602
8430
7721
5785
9516
3237
8043
3467
5379
5608
2807
241
1225
6597
2617
2721
7325
3033
7662
32
8680
9543
2981
9912
7894
5729
7582
1064
3537
4261
5252
7672
6649
8327
6119
360
3521
2103
2465
8884
8979
7887
1675
6582
3459
1772
5816
9496
1200
726
6271
5139
9095
7101
7606
8938
4114
130
9177
8348
3294
2879
7978
2970
1610
1364
4483
1958
4363
1823
4391
6163
8604
8455
8102
1167
9603
2469
4335
5770
1263
6480
3728
4001
8669
1331
7144
6924
1130
1181
1630
3200
4211
757
5883
6769
1880
3672
6130
1160
1167
5697
895
8541
788
3715
3405
5217
6590
1638
4786
4555
8381
7131
9125
9869
3376
5262
7264
7378
2275
583
784
3110
821
5101
9689
418
183
7064
4855
5538
9073
8545
1535
1781
8990
9800
2564
9265
9480
1266
3861
3152
2655
1885
6147
6251
130
7361
6529
5873
7024
7444
564
7812
2872
2346
7242
6224
284
8456
5382
440
3252
7475
2377
1472
4319
1098
5054
5761
3316
3565
732
3628
6423
8888
8462
254
6168
3904
3550
2428
6853
904
1005
7676
6623
5872
5744
6127
8266
59
9285
7583
5581
6524
6883
5888
4682
9661
1071
9606
9320
2363
6347
9540
1979
5377
681
1004
1861
1407
701
7544
310
7126
5424
3523
447
7539
1681
3060
2133
1222
1717
568
9056
7118
4512
8012
8659
1652
5916
6276
8054
9488
1318
9339
4863
3083
5512
8599
7855
7810
9296
7480
8440
4371
1120
5069
5612
2424
3071
7074
3441
8333
9165
7274
7569
655
2403
4870
3214
9139
4361
7999
2339
5009
7873
9669
2933
8027
3776
8148
5512
4669
7005
5888
238
1491
2866
2798
1370
7377
5632
1454
2787
19
2463
104
1668
1362
9378
8866
2480
4464
3177
4827
915
2336
3104
8871
7379
2997
3317
4344
5333
7029
8359
2933
7516
1801
1689
7529
637
6308
9510
763
6382
3117
9887
8518
7788
4107
304
5492
2268
3597
2704
924
777
8259
8167
7796
5724
4284
1594
8405
4218
908
3025
762
7223
2266
9274
9636
6456
4004
1815
1710
5542
4879
2002
6727
766
8719
9136
193
8358
190
6579
8581
7562
8653
5130
9761
7844
4757
3780
1920
5162
104
3537
2692
4802
4281
2121
3378
7168
8309
3237
2297
2800
5948
4683
1905
7118
5728
5032
7276
5922
9561
5094
972
8378
1826
6941
8881
5744
372
7926
9405
5803
6140
778
8054
545
2603
377
3590
473
1915
9654
8259
5390
393
255
7430
5248
2276
3483
2314
21
9712
1180
3699
5261
9430
6116
4713
9043
7484
4820
8703
4927
9292
9872
6036
1576
9524
7502
1958
6327
618
2285
4253
2663
3930
3154
6779
8184
8365
3357
9422
4530
7831
6506
4960
2023
5006
1012
1628
4225
8194
9508
4572
5003
8301
8295
2483
4940
8008
3533
3876
3197
8359
2014
3165
9100
2722
2887
3268
1481
2593
2482
2973
5790
7348
7363
7205
9963
4556
6223
4622
3247
7305
8312
9287
1859
6561
8979
3110
4560
4666
6474
5845
5041
2628
3084
3815
8435
4966
6930
5029
1768
4451
78
6762
9147
3161
8908
1191
2382
6646
3402
8787
1440
6503
4004
2787
8490
8766
2936
7666
120
7231
2824
1565
1509
5463
2845
5950
9854
6698
792
3138
2345
5159
4085
569
9407
3098
4601
5050
3364
4527
9722
4401
56
8382
2701
7958
9669
1447
9577
8746
5353
4442
7995
5856
2654
9523
7220
3526
9764
4849
6381
6735
6720
8850
3579
1215
9581
5533
1292
6690
1841
6843
9585
8377
8235
5682
790
34
8920
6544
6556
7091
2837
3264
9512
930
9567
2460
3989
9860
4694
1952
6596
8592
9072
7686
1492
7487
3546
3220
5052
4867
8040
7662
340
2289
6910
1448
5476
4796
8055
4413
4
4239
3490
7573
99
7783
2094
9894
36
5659
3546
4314
5394
4025
5486
857
5124
510
4296
7075
7915
2641
7919
7788
1112
2156
5652
3444
2522
3592
9078
5266
5238
4245
932
1468
2607
4403
1789
9638
53
5280
5443
5493
5962
8493
2110
7630
7903
4207
7869
3343
5501
4096
8216
6346
3999
1151
6993
4906
7613
1738
8648
1939
1508
2055
413
4059
369
1930
1825
4270
4620
3029
1381
9714
8017
306
9492
633
9881
9574
9341
7052
2855
8851
7608
9994
975
8669
6393
1437
4097
4566
3154
9205
8979
7177
4515
9683
3852
5743
2141
6036
3389
7825
1621
1416
506
2010
4788
8606
7590
8920
8010
1694
1021
1728
4018
1474
8682
5963
7921
6002
2457
5088
5400
8059
695
4959
7050
7035
981
3560
6135
5499
8588
4246
3222
7433
602
3243
1905
3025
8986
264
1018
5064
1026
1017
7084
1317
9878
3548
8156
3708
7930
4844
14
7496
5012
446
7252
7237
9168
2231
1649
1575
5389
1816
7788
6250
6340
5095
6000
1495
585
9947
864
511
5898
3795
5832
2407
1701
4228
6878
5633
1863
4350
6008
1267
6542
665
551
3653
1951
5073
800
1804
7188
9051
300
4495
1085
2163
9429
4066
4151
2692
9345
2455
907
5251
5163
3245
8957
4376
1388
4194
9204
1449
5353
221
4857
1509
7606
6881
57
602
3160
5631
1397
8308
9096
3195
5161
1651
9348
3624
5577
1639
9983
9203
1014
9643
9433
1353
1392
7995
5721
9462
7030
7379
470
7883
9130
6437
3701
651
8000
8279
6013
2642
4612
9991
598
8450
250
2859
2304
140
4257
5833
656
2744
3729
1632
7541
9857
580
8226
5385
6063
2977
734
435
6210
4867
4494
9113
2919
6872
122
9730
8283
7477
3094
2346
1994
4615
6431
351
7106
7364
8621
2696
7593
9296
4646
1349
2439
2556
1504
9697
9138
4584
7392
4340
4436
3065
1907
5237
5163
9974
2983
1165
877
5276
7688
6310
9813
1074
9523
627
5486
967
2568
9369
2155
4390
7857
3019
6881
1948
5641
4227
1970
5840
8203
3372
4599
4161
2056
5341
377
158
3988
4864
716
1742
7502
5120
6888
5807
8842
9168
4437
636
813
1785
8194
1272
2900
284
5218
7271
6914
5317
1588
1932
9124
5456
8254
8045
1858
2021
2117
2595
1092
5951
8572
6957
5278
2075
118
8980
8666
8060
2249
7960
7521
3227
5522
5162
5557
9563
7886
5011
4590
8347
5228
3905
1823
500
4461
5234
6388
5634
5893
3033
587
5424
49
7406
9164
2316
9124
9010
2261
5177
6768
5600
8551
6323
3038
2350
7175
4302
2730
1219
1889
3607
3822
2467
5776
5372
5320
3157
8163
1191
5115
4997
7836
4277
4639
246
5514
8725
6182
7599
1937
1741
7917
1078
275
6886
6746
9371
2941
5879
5160
4603
9792
1343
3645
8053
5435
8668
8180
1832
2898
9064
475
5307
6717
8291
6155
6887
5455
4396
6735
2175
6016
4217
5924
3584
6730
4231
5068
9251
7069
8667
9662
2671
5391
2502
8637
9099
3347
1559
9987
8321
7093
5914
6459
302
9584
2590
9752
4454
5132
2533
5397
853
4567
3220
6377
4912
1391
3578
1126
3290
5769
6718
9615
179
385
2433
4404
2922
4830
7490
1963
2322
337
8480
6813
3091
3370
3210
9258
3032
9735
7506
7113
1174
6522
3105
848
4492
806
4932
4093
53
4438
2019
7647
1578
7898
162
7604
4933
3055
7009
2767
2305
5785
1246
805
7037
6895
2906
4869
655
2964
1593
4642
9589
5549
9379
2590
3830
8388
8632
340
7048
9928
9792
7010
5770
1071
1567
1489
9393
2041
5224
4691
2097
2658
7097
200
1089
787
2212
1149
1393
8501
8141
1314
9191
148
3295
501
7876
6412
3738
1760
1510
8787
2519
4300
9446
915
3660
8593
4034
6546
4266
3755
5045
5967
3475
666
4178
8618
5674
5270
5760
4241
7843
7277
6431
2371
3305
4523
2153
6291
1198
245
5635
6939
6557
4274
9906
6074
6283
5094
7163
7836
1084
252
8771
7316
4370
9439
1333
7000
3344
8389
6930
265
493
9273
8786
7118
4517
2131
4920
6236
5385
278
1860
4516
3013
4934
5651
5369
4114
8692
8513
8380
4962
7656
9246
3062
4153
4586
4397
5953
4620
3613
1977
6883
8913
3880
2355
8425
9734
593
4295
7196
413
4040
8941
242
2837
4846
6443
4947
532
1809
3639
5942
2000
1861
6409
4360
6301
4176
2703
9177
9216
7105
7163
5475
2947
2414
9463
5255
8369
9642
3097
9702
3889
8271
1729
24
9951
5181
1967
7405
9093
9103
9233
1182
4858
8086
2762
3631
2209
3524
4575
9187
5090
8487
5419
8572
7381
7537
1602
6046
9642
3424
4066
8174
838
7294
9045
636
4952
8583
8195
5514
9706
5858
1989
1016
3107
1631
5252
4798
6649
7628
6080
2229
8900
3427
1644
7218
4541
2451
8855
8416
3781
4633
9158
3433
1554
1322
2412
3952
7668
1824
7883
1438
1334
8928
5668
888
4256
2660
8379
6297
1561
5449
5334
1825
6122
9303
84
266
8094
9928
6426
7506
1973
9927
5688
4426
4088
231
6667
4394
407
6221
1355
9742
7645
7467
3621
1986
9973
9417
8707
4213
4598
7506
8390
8333
3706
1992
5046
1079
2348
4869
2112
7592
3376
112
7374
5461
652
6952
5893
6108
7236
896
6952
5886
4724
3655
5721
9129
2982
883
720
5477
595
2601
1620
4555
7910
1259
7350
6045
5596
2094
1949
7046
3704
7015
8571
1711
3267
1874
7583
1467
8544
3807
2708
7568
3486
7674
8999
899
918
9748
6661
2014
4148
1507
4051
1824
9155
9971
3991
4145
3409
6855
6676
7392
754
5248
7059
5756
6016
8745
4012
8363
6223
8445
2164
9802
7679
2661
1873
1250
1803
9298
3256
8723
8766
7907
8647
4848
9349
164
3663
7510
6927
5987
4617
1114
7985
4320
9210
3215
1959
512
2657
7184
357
6286
2349
7296
5899
3119
4651
1739
7415
4256
652
4169
4420
2766
4614
3375
1632
1042
2785
3857
2987
6247
786
5448
443
8201
3572
4012
2188
7740
3009
7278
309
2342
9537
565
9063
8570
3770
515
3694
8370
6229
5923
8842
424
3233
2753
2727
2881
7265
4501
871
3415
4288
3982
498
4433
7781
7319
2244
1425
5137
5929
21
2809
837
9485
3654
9035
5809
3804
6342
3132
7239
3333
52
8117
1902
8474
4879
3942
3011
1543
9274
3990
7369
2479
3355
9867
9425
9301
2434
7442
5461
4117
1223
3932
5310
6797
8796
9286
3493
8763
9793
4995
3591
7524
2631
7224
1697
5021
3100
4915
411
506
7989
6713
8161
625
4010
283
108
9130
106
9172
8048
2901
5584
8498
9150
3640
7085
5854
7946
5988
5045
5737
4055
8003
6038
3477
4077
8832
4834
5566
2029
2274
2526
3971
8843
8934
4098
4069
2650
2393
9473
7035
294
7535
8291
4366
6763
5987
2078
2824
9027
8923
2612
260
8156
1910
9509
9714
9367
21
5748
9850
8861
2372
1687
3978
7388
644
9257
3421
543
8182
4330
5386
2364
3141
4214
2518
2247
8512
9538
6727
1236
1988
7170
8471
4058
6226
8056
7585
595
8226
9832
7691
8863
5635
8887
1887
8360
6061
2721
9480
544
7221
3609
4566
7366
9885
2795
8077
9480
9366
8045
1168
402
5602
2741
2838
9557
1802
3156
7351
179
8153
6432
5237
1335
7540
8319
7097
2833
7430
4031
1464
8463
5435
9138
9234
4343
9705
2823
728
849
3319
4308
8663
2161
8171
4959
3557
8001
3875
1020
7447
1854
6543
8081
956
8169
1865
6757
2314
5486
5187
1142
6099
3505
5036
698
5635
3892
1726
4990
4585
9989
5815
1354
2336
2292
2129
5781
6809
9331
8048
21
374
9078
5064
7022
8325
8121
2057
8188
6919
4449
7560
476
5500
8506
2811
452
4205
1056
5456
6083
5574
9530
9866
2499
6462
6960
8842
2443
500
8621
9238
289
4712
4223
9336
637
707
8891
3638
2440
3043
4686
1561
9427
4535
1551
4044
9396
1108
5440
8195
8395
6498
5667
3973
9012
4294
2920
3912
869
1340
692
3256
4230
3456
3310
4707
6640
121
5060
1268
7470
4051
9674
2730
464
4760
4306
7412
2111
9579
4951
1179
4283
9616
6675
1004
3551
1083
8705
8640
7670
339
5869
4058
1095
3891
567
5453
3404
9149
6406
6727
2929
7627
121
4510
6743
6068
5384
5382
4600
3975
1354
7100
3236
6790
1088
7153
8250
1554
9294
6
4835
5871
9098
6465
5177
6613
7597
7082
997
4834
7622
6132
4693
8559
2878
1787
2956
8557
5958
1126
6659
5387
7564
2841
4109
1848
7101
2811
1273
5407
4468
8686
432
6228
6576
9008
9822
553
3444
8413
1934
3021
4760
5375
8782
6946
9597
7699
4994
4697
9326
3641
8276
3484
9458
3464
6201
8632
6110
9035
4366
2677
6182
8300
4449
2436
6548
6844
604
8916
4545
8652
4413
9280
3073
4795
4481
1640
9228
3676
7550
75
3814
8434
7040
2878
5903
5179
1035
3036
8422
1223
9839
4425
5977
5396
906
9508
9624
6552
3367
425
7464
4105
2548
2977
1587
2076
7793
871
7548
2872
5124
791
8672
1958
6618
4644
5064
6744
168
2598
6747
9459
8527
9631
3169
1610
5918
6313
4914
5592
2369
3934
2460
26
6392
3331
5428
9782
8562
2689
7715
3052
1784
1073
6834
2424
6502
5076
4337
7137
4628
7388
8208
514
5299
2827
4017
6562
6498
230
6612
8241
3184
6709
7954
7505
4364
1321
8518
2062
4281
1659
2565
9228
7165
2253
8094
5309
4456
2415
4797
9899
386
209
7785
184
4733
7120
3565
8335
4490
9359
9236
8758
7703
6082
6765
4547
6406
9258
4030
3288
7689
6312
6853
460
2041
8320
906
6184
4821
9884
1040
3626
56
3497
3930
7273
2451
3362
90
9287
5834
3288
2373
2108
2827
1002
4194
436
5896
2279
7921
1271
4582
9197
4088
1696
5662
7292
6361
4589
6000
9389
1071
4786
6024
5673
6423
4266
8505
3767
7884
6732
8485
8709
9354
22
6798
4369
8692
2392
2295
7653
2097
9711
5412
6750
4113
1660
8081
1063
6318
641
9086
5175
1582
6439
1575
9587
180
8831
8177
6257
3462
2483
2960
7114
8409
2728
9222
5147
3560
3763
8903
6953
1492
3461
8984
1758
821
2132
3301
5524
3727
6327
1201
4509
9504
349
3576
7597
9413
939
257
5972
4572
1040
9775
2876
3141
4391
3191
8683
3937
2745
8635
6837
1709
1948
9941
8482
7912
9627
1184
2935
7903
5075
6335
1956
2729
5944
8561
3449
3150
7298
3788
2102
4644
7447
5862
9757
769
5846
3923
326
6580
3325
2217
7311
5167
6488
1871
3886
8301
3063
5460
4453
8481
3178
9131
8928
3455
2540
8484
7965
3939
6809
1222
3625
8015
9340
6937
6867
2659
5642
4928
5359
469
3365
5203
6826
9584
1166
4331
2469
7112
6522
2390
7600
6091
6784
4282
6692
1507
9356
4470
6940
2377
5219
5588
3089
9795
9475
1547
4929
1534
262
673
9788
1959
5716
5662
4730
5890
9361
891
3564
3726
6122
4713
9566
4400
2631
5231
197
4076
7038
8475
267
2114
7972
7705
5780
148
9744
257
9163
3814
5358
6779
2590
5358
8237
6222
9748
3899
326
3814
6823
7538
2105
5171
8833
3476
8821
6718
6295
1643
3316
1047
5852
691
497
4585
1380
3205
1207
975
1670
3103
7927
3072
5308
7103
3333
2054
9450
1998
3984
4333
5577
761
5852
8150
1823
4523
3918
5691
3597
2215
1939
7005
293
8144
6685
4361
6437
8523
6428
4009
420
9740
9492
1462
2280
5358
5312
3355
9282
1887
4964
4982
2039
5063
2119
7255
9755
7689
5141
3355
8620
2689
9391
8162
7992
4142
2109
2396
4860
4457
7826
7730
2219
5155
6714
321
3495
5918
9283
3761
3647
1810
3092
9411
4964
2543
8078
6410
4985
3138
2190
993
6264
2992
6764
314
1499
1951
9892
1094
6509
4212
4815
5040
4158
5927
172
1795
9164
19
5040
7724
3717
5770
9351
7771
5382
6774
5701
2419
3918
1545
3806
1521
6580
1942
5774
9033
3121
120
5911
75
4636
2736
3173
5717
801
764
6927
8466
6780
5619
6956
2064
3656
8541
3822
8767
3151
5599
9184
5525
7628
2324
2664
2111
5877
8583
9801
9858
4926
1806
5833
6400
5068
3584
6857
7814
6344
1782
9494
3745
4491
8687
9930
128
1804
302
6400
8229
9699
5759
179
5078
8121
5047
3009
6064
3166
3496
1905
8107
9207
2755
5822
8680
7074
8520
2175
1414
8727
585
1301
2564
5197
9998
9456
9185
3925
9777
3006
3280
7815
8329
3601
1432
5944
2116
268
5879
7429
3676
3402
2134
9086
1533
7099
7847
434
3437
1563
2123
6962
1225
9505
400
5077
5441
9505
5831
4936
5114
9294
1380
3279
9634
6656
5663
733
4640
3405
1928
92
1992
1048
6343
3241
9214
5923
2497
2303
9715
6081
7991
5006
8091
6045
3400
9191
3599
3712
2998
6472
9741
2435
5798
5311
4861
322
3633
7580
6975
5609
4904
1975
5616
2206
3876
8059
5916
4602
8187
5006
957
8453
7119
3310
5137
8765
1440
6105
3321
3443
2018
5640
7726
4978
5001
5082
2559
285
7040
1865
2453
5011
2234
4635
2679
5793
1872
2968
8681
8997
8728
9842
8815
3067
3030
4213
1936
3606
9581
3229
3974
908
6414
5839
1409
9630
369
8709
9947
9507
7889
2617
3318
2800
7330
7932
7090
3094
1822
500
9723
4216
7660
2768
4318
2743
2738
6905
124
3211
9745
2952
8392
2001
8047
3470
1242
6796
4179
4531
5590
3081
6296
5278
3734
2307
9972
7406
4148
4351
5203
5875
9668
453
8076
7980
3566
1644
1637
4334
9369
1889
674
3133
387
2292
4857
8490
7901
4111
3201
4873
4643
8115
4409
9230
522
896
1413
7060
3505
6049
9730
5913
7642
5267
2747
2298
7170
3200
9204
7798
1036
3595
7284
273
8492
3690
4736
8968
6606
3323
2449
4923
4167
3317
152
3084
5204
8364
616
67
2927
1392
5361
3691
6224
6803
717
3117
8655
389
5171
2806
1367
5198
185
5160
726
6023
55
2298
7362
4453
8311
6909
3846
1859
3304
2844
4729
8955
9809
9470
2095
2288
4562
892
7833
2651
4071
8793
2008
1984
8390
6003
9663
3709
7191
3893
70
1167
6435
8550
8347
3776
4533
2338
2995
3809
1406
1362
4318
8127
1989
8570
9928
6293
6922
7664
7883
5054
1419
9076
5490
1286
8880
7136
5033
684
513
4221
2848
2102
9464
5055
6990
5441
9361
8591
3922
5490
9070
9027
7221
9294
1382
9547
171
1539
4381
5451
8281
801
6847
672
944
3385
6086
5745
5431
4112
5948
772
519
8031
1194
8537
543
9611
110
8167
8056
7596
635
209
4851
5308
5051
9061
3215
6621
1615
8529
7830
6663
5575
1922
9367
2222
3276
9114
3390
3004
7755
8429
4255
9152
3645
5784
8931
5186
8897
8639
9241
5633
7051
2
2749
6268
8261
7371
4294
8345
1763
150
280
3973
7909
9901
3738
9945
5190
3311
4163
2181
5522
9069
6830
4651
1956
9153
748
3515
4860
7963
7912
887
4464
361
5285
7490
9242
8338
8036
906
9887
2799
6434
8750
2495
2038
9182
3102
3720
2661
1368
4350
2133
88
7973
9414
6564
8726
591
3161
1189
1438
8922
5600
5151
1130
2433
8515
2173
4573
3870
9283
5413
8718
4856
3798
2568
1233
263
3152
7909
414
8707
2251
1017
7233
698
435
4897
8493
5889
129
528
3085
6594
1377
971
6825
9859
2962
5090
7121
1415
5833
9737
7129
286
6226
5029
2529
1016
8277
1730
6224
118
929
3680
6525
5809
6408
6687
4585
9652
2790
5055
2316
5188
6398
6586
8298
2977
6851
9677
2178
388
9328
801
4419
9832
6934
5224
715
2245
2208
6307
8334
471
1955
2753
4943
5357
3367
8801
2942
846
9564
7784
2318
8486
6667
9662
978
4189
2235
4083
4099
2249
6253
1999
5616
4858
244
1031
5827
3315
7188
8156
7980
5769
2118
7197
205
6179
4453
4508
928
6209
4008
1230
1848
8297
7020
9900
8115
9629
6589
7623
7337
6489
4546
9017
8021
4424
9842
4406
1340
7558
6534
9040
4046
8223
5133
3034
376
4262
3974
7924
8372
6051
9949
5414
2510
5876
8053
4232
3315
1796
9406
3101
2776
5832
548
6400
8692
1718
388
343
2156
9473
4155
1844
873
8271
4172
1643
9623
6363
5454
877
7964
5958
6736
7010
2019
361
922
5302
8885
2629
4417
9258
6644
6075
1094
4763
8691
968
29
2496
6084
1896
21
4541
7135
508
8232
52
3916
694
8576
6843
2382
7072
9124
7704
7548
6476
4414
713
7245
7894
1851
2465
3824
9430
5166
2317
6709
9362
4001
6196
4314
7664
8953
3692
582
8329
8500
1386
1116
1209
2946
945
765
4163
7149
7340
6941
3858
3543
5558
5328
1994
4431
566
1984
8860
7983
6089
6622
6616
1828
9895
4434
3133
1707
2408
1265
2620
7621
2831
3595
4619
2375
9732
1917
3093
2656
1808
825
94
3239
1121
8384
5045
4353
5838
8218
2274
3708
2068
786
5902
6556
4014
2432
658
2079
8899
5092
8072
6254
1066
764
6398
7058
4312
6866
6073
8385
4794
3541
5525
1556
5102
9619
3082
8598
1035
6496
4059
7899
8674
1973
9721
1226
92
7255
7524
1849
7474
9395
6385
643
604
5092
4118
8041
561
8144
2786
7362
3309
3205
1627
2688
3425
3691
527
2385
2803
6822
8364
446
4438
9035
8075
2804
7349
9756
182
3500
2025
7186
3451
3017
5963
3430
3432
4974
9858
5724
4598
4041
7085
4108
5747
7616
5453
9694
7671
5559
5338
7778
2296
842
2918
2153
9705
8877
5774
9731
4941
782
4780
5190
9769
4755
4986
4535
424
7110
9729
7785
4744
6554
9999
6495
7665
2680
663
5295
2054
1707
6946
7238
9236
9476
3444
5586
1159
1674
3098
7343
8556
9745
2831
7729
4849
6982
1389
6491
5673
2181
1360
26
4316
8952
9814
4210
618
1436
2499
5762
6880
5617
9569
3782
2883
6782
6405
7993
682
8638
189
9813
1496
3163
2757
9113
1190
7573
5768
325
3872
1215
5140
2517
5990
9031
86
5944
6850
544
5445
9692
8729
3470
3898
8855
2234
7357
4493
8628
5348
7485
1963
8025
2181
4478
1267
801
3196
2757
1232
7995
7856
2056
5904
5085
25
9916
2964
8950
3164
7304
1040
4079
3125
7717
2050
2445
6605
1109
5519
4615
6794
5116
4137
9342
5653
2304
4621
7197
7431
7017
6680
1278
5357
2596
3370
3895
4235
7098
6035
943
61
280
3593
2449
8584
5642
4892
8700
3215
313
512
9508
8305
191
3610
7513
7695
2819
4326
3393
8747
421
9173
325
6653
3527
516
1973
8111
2885
1015
4473
7224
9683
9300
3397
3926
9906
8684
5751
9412
5471
5141
1312
4955
9432
8338
1613
4437
2588
1492
7074
5996
5886
297
402
8577
1748
7155
9165
5513
5490
8244
294
8946
3679
8709
2879
2307
6289
8390
2899
6641
6122
6287
4352
654
1246
4485
9248
9995
5631
2857
1426
783
8455
8106
1130
6608
3297
507
6033
2333
7285
319
8746
3198
1614
6240
6099
9331
9898
3694
9300
682
2349
6677
599
124
5890
3064
7971
550
1040
1962
8567
9446
8292
5627
9328
7899
3281
2847
5303
7311
5808
7882
138
5233
5061
3048
2325
714
5873
2761
2589
2002
1246
1817
4041
7659
1082
3854
3677
6570
7426
7403
4916
8214
4618
1425
2457
6985
2631
4276
8194
5123
4074
92
9482
8350
2137
594
1882
4845
187
458
83
493
3119
5937
5322
8109
9561
571
8960
5818
3451
1631
5197
4163
5244
1199
265
8780
920
1615
1126
8029
2676
8870
1998
7434
9628
2962
5252
5838
3307
3382
729
7488
2661
4831
8606
5592
8564
6148
7633
1931
8830
5083
8518
2993
9759
6025
2563
5064
5992
3489
1656
737
4724
2558
2153
5193
7459
5420
9769
6082
309
416
581
5119
804
9335
5882
5375
1134
1020
3683
2832
3182
7203
9299
6389
5606
3523
4140
3810
4251
7777
3146
9236
3645
3351
8880
4685
4610
2547
3004
1037
7374
3484
4424
941
3296
3263
9024
5237
2172
1527
3676
6478
9953
4555
2169
3361
7814
6354
3224
2925
7766
641
4082
4728
8276
3061
7030
1853
9261
7196
5505
9876
5673
3966
121
6255
4557
3593
1062
9072
9025
1322
4541
2920
4521
9607
9003
9290
4322
9305
7898
1310
2842
9943
2339
3298
4476
2797
544
1627
8503
3611
1180
7561
8123
4842
7210
5352
2847
6890
6143
2787
7633
5591
2109
867
4683
9178
4396
6373
9550
7356
7015
2569
3662
6469
3409
678
3082
5554
5378
8635
4038
4900
8914
8993
695
5669
6336
2797
9642
8230
4239
6913
9697
6532
3950
4210
2491
1802
5170
6228
4383
6671
2707
3201
2917
1295
752
1929
2625
2600
3327
8658
5805
4795
3461
1073
9297
8690
8606
6225
2338
3393
7946
6112
5396
5285
4037
4938
2237
2041
1953
3916
3576
1287
6449
1818
4675
2043
5508
2445
2037
3715
1020
9268
3231
7283
8651
9531
5806
6966
105
9
7386
4510
4277
787
1599
2284
9013
1422
5205
2779
5611
1410
9582
6375
4022
5418
603
9723
9282
8471
1643
3112
8045
3108
3602
9713
9863
9093
4257
931
1877
664
1352
8163
3010
2894
5621
8671
1555
1203
9623
6358
5893
1528
7316
7075
6726
322
7603
9892
4524
8124
5206
970
4710
3879
4392
2825
5037
2049
7007
1439
598
5955
3342
2338
7207
2101
3658
8945
2771
220
87
9900
4788
3220
2766
3088
2436
3016
5965
2634
9752
6382
6491
7005
6234
9552
4486
6959
2385
8405
5643
7581
9999
206
2529
9487
4999
9660
6531
9959
7096
62
1368
5970
7627
8120
7953
2481
3861
1872
4478
5089
5065
2354
5117
5190
4813
6532
3136
9783
1095
9843
1866
178
2165
1548
8118
9264
3414
871
99
1283
2583
7069
4400
4716
2557
3050
3248
2074
6508
1597
9706
1741
4387
3341
8816
9432
9877
5510
3082
8308
8740
7969
415
5457
2411
8081
623
3831
776
7146
6639
8267
7332
7820
1105
1214
2225
4733
7120
7167
5743
340
6677
81
4362
7521
265
8775
9860
1915
1544
7963
7210
1905
3726
7102
2022
6914
1953
2857
5729
2889
9002
2691
7666
1759
9649
7131
9352
5860
4996
4069
9088
4104
99
9570
7139
8852
7740
5319
4878
2646
4430
1360
8879
2745
8636
2141
3754
227
5168
5546
3893
1160
3160
6365
7046
3851
2178
297
2647
3381
7312
5743
7491
6526
7112
3956
9936
6936
3995
1533
105
108
3824
8710
5878
6668
3996
2499
4378
5159
3728
9646
4793
5099
702
8431
7540
4500
3929
3994
2147
8131
8569
1073
7373
2314
2328
4314
8503
4643
7900
5004
7207
1584
6929
1459
4195
2894
8450
9443
683
1667
5956
2089
1824
710
1472
3964
7567
317
1050
6994
7582
4929
9218
9952
6098
5103
2519
4506
7227
6104
1715
4344
6492
4151
4647
393
9947
2194
8179
5585
5473
9610
5474
254
5326
125
880
8040
9500
8507
7209
3191
6062
7541
3024
5759
8358
9105
888
5462
5968
570
179
4294
9950
7637
7956
1565
5872
5774
339
6945
3247
4752
3884
2034
2215
9748
2644
1928
9759
8449
3386
203
4790
7874
1846
6242
9500
8693
3825
5667
842
3135
4304
7512
9455
8525
6638
9267
8248
9989
1876
7160
2234
2107
1448
7465
3311
6175
2672
4047
6187
7028
97
420
1210
860
4136
3677
713
830
8052
7636
1597
4010
7919
981
8579
1091
1335
5998
1317
2507
9453
937
7174
8316
5416
9286
9114
2530
135
97
9685
7383
4690
8051
1711
2630
731
6133
8448
7457
2967
3295
4014
9134
5267
8142
8752
7596
1476
9492
3901
8772
2159
1289
8198
6666
818
4943
6797
8802
9693
3491
2177
5055
0
3343
8823
9094
4483
8957
8406
1410
2556
7238
8767
1233
7712
9433
9831
8412
5721
6727
2579
3555
7920
9786
719
3143
8088
3862
3883
5425
6439
5080
722
4031
9153
91
5096
8495
8946
4665
7407
5124
6024
2542
6262
2198
5147
7481
3279
7686
970
3116
7179
110
9987
4242
3989
7703
4911
7120
5848
3572
920
1172
2429
9116
8071
6538
4517
8149
2670
2926
6175
9228
5423
9867
6166
5921
151
2578
5146
9758
6603
8806
7306
9816
3597
5636
9723
3887
5851
7921
8648
7744
7956
2731
4694
1977
5768
7825
6145
5164
5371
4478
953
1213
917
8161
3731
4214
2265
3768
9901
9226
928
7323
2930
7669
8001
2597
7766
6466
7136
4332
6927
2359
3648
4754
7056
1627
6246
4644
4355
2152
2412
4335
497
3051
5886
5139
2705
5065
548
5616
428
4715
2861
8621
7097
3673
5140
2423
7098
2725
9106
3782
801
8894
9823
8588
3920
4934
7110
6022
2092
2461
6581
7845
4733
8892
2366
2886
1381
6685
8013
9645
3322
9703
6757
4481
4322
1016
8281
1296
5770
140
2996
5347
1971
7834
5734
8077
7945
7101
5196
9261
4529
399
4523
8866
5951
1697
5384
7822
6993
2952
3399
7939
2252
6226
590
9259
4881
1911
5284
340
7947
7562
4572
23
3815
3869
3544
3113
6064
2052
924
9531
9383
6386
6001
2572
8156
913
466
3087
8795
3821
7654
8583
8501
5759
5514
9326
1146
9400
3850
8037
6352
7395
2780
6214
947
4285
8490
789
2649
5616
7658
8389
5601
4395
4171
359
6119
4477
8958
4348
5830
656
1279
3260
5803
5443
1486
9632
6033
4944
3150
3913
3583
332
1738
6723
5322
4924
1759
6660
9768
1317
5322
1007
4386
7964
2206
5861
821
6460
9362
2619
4198
8421
2853
3174
3295
786
4271
835
4571
8323
5557
4099
5993
2969
6920
963
2752
1232
747
9834
5536
5318
3615
4204
3056
266
7406
2012
3658
4448
3776
4958
5503
6433
9244
9706
8312
1006
4847
9916
9338
7909
6642
1816
3877
6093
7259
2442
2457
6060
4051
9244
4966
328
303
2258
6639
6521
1661
1087
7977
9853
5757
9482
1142
4086
4297
8922
9048
1550
4803
414
5380
554
8922
4202
4213
3149
2391
4044
9594
8771
5466
4557
3501
8654
989
3507
6081
2093
1169
4034
9383
5272
8701
1090
7645
7033
144
4476
3412
7604
6831
8847
8988
9015
2927
1359
2286
3964
1345
5885
6357
6651
6373
5569
346
6108
5724
1091
5835
3067
9790
2666
1480
2868
5764
5020
7994
7390
9700
6116
7759
1140
2967
4529
5958
4526
4728
923
2355
3118
7195
6496
2416
3015
8199
1773
8945
1288
8993
8136
5474
9797
711
3962
3215
2646
6534
4762
2224
1689
4489
8468
9102
723
2526
5449
8310
4212
9014
1072
7194
4521
457
4698
9326
9514
8548
4739
1846
5827
8288
2597
1497
4576
8240
7238
2481
7970
3479
2401
1042
5566
7299
850
4501
245
6970
3899
2241
8110
4991
4612
6676
7919
3041
8447
3459
3258
2001
7289
6364
3684
2414
1837
8708
8881
1422
7890
7794
5691
1627
9669
759
6194
9351
3697
2984
1501
6094
42
4537
1966
2295
1482
9704
4324
2694
4371
8323
1770
2817
8051
8279
3021
4861
9701
3543
10
4132
9539
5157
6102
1413
473
6624
8743
6633
4262
58
8271
1277
7948
228
602
3489
8694
712
9725
5307
1577
7155
4654
4073
2803
797
82
6786
7904
9670
9201
3479
7212
9487
1142
3131
4147
3842
2354
59
9747
6639
5185
6412
499
8821
2452
113
4109
6809
6893
2310
2502
3141
2970
5052
8639
4368
9192
5056
8036
4726
2776
2794
5410
1220
3503
3599
6645
3346
6616
1972
3486
7869
7268
4944
1236
2464
1970
3548
3170
9374
6169
5785
7086
4511
5441
6958
8298
3541
2850
5437
7875
137
2885
4689
7079
9239
8326
791
7748
7939
8363
9157
8427
8102
6862
4587
1427
6473
3206
9429
9481
3708
948
5162
2229
1716
3193
2292
2985
7375
3621
844
8322
3029
3162
1537
305
7229
2271
6085
1747
9689
4401
6804
3660
4847
7699
5458
6083
9076
6662
4992
4567
311
3907
5275
3631
2184
3205
5249
7118
1475
4101
9200
5589
2157
7629
5069
1315
8106
1533
5422
8728
264
8316
1685
8391
8059
4454
9529
5897
7046
3796
9154
5247
2451
3210
6817
9263
943
3001
6730
8735
885
3269
3663
4000
4981
5328
1514
6962
2817
6293
3622
3797
4404
1329
859
6111
7439
8652
6196
1770
3377
4678
1870
8437
4419
2412
9104
9818
5037
4873
4018
6544
8
9161
4331
9463
6881
89
3275
3648
871
8698
3825
8799
4577
8053
1370
6217
7791
3560
8231
919
9915
7887
4345
6957
6075
221
9820
6196
2055
9705
5069
9795
2449
1574
4089
3549
6230
6971
5076
6547
1583
9041
1987
3738
9588
5595
2758
9479
6030
2735
2086
8983
4727
3554
2166
8428
5377
7603
8841
7617
6095
3853
8288
6574
9764
4608
4990
1079
7830
8297
2186
9855
6110
3710
144
4330
720
4614
6917
1903
9905
1333
2228
172
5369
4197
9418
1525
839
9327
7274
7716
3259
3737
7038
9620
6484
1130
1596
8185
4919
25
400
9094
4792
7684
4731
2914
4664
7500
760
6085
1068
1757
1591
1660
2309
7611
1000
8844
1041
4631
1397
6675
2814
8210
5996
3145
3110
1673
9336
1174
3308
5934
6219
5406
7985
567
4490
87
9394
1199
8133
1771
8098
3147
3345
7657
3776
391
1460
5365
421
6911
4637
7680
5996
8506
1165
5426
7262
656
8870
7764
8553
7564
7022
122
6796
2700
847
1453
2226
1637
8047
1223
8344
1556
7848
6087
2524
8111
2979
9061
3045
1578
9861
4960
3321
566
8342
2386
2671
9748
9241
8165
3378
5623
4141
4846
8126
214
6000
3208
8122
4801
395
4844
7010
6539
4686
3068
5791
1398
1624
3327
6325
253
8770
4262
9402
1290
3225
9661
2814
8552
567
7598
9195
1730
5933
3711
4202
7466
5231
4859
3839
1863
8940
5006
9651
7749
5176
9034
4588
4336
6408
9799
8123
6763
7129
2200
1809
9866
9165
6600
9679
5265
2803
2306
6809
6915
6450
3024
5605
7468
8817
6060
4198
3930
3542
1218
1920
518
8202
8214
2407
8641
6614
8530
8377
7593
4268
9800
4740
2219
195
1446
8805
3586
4048
8887
398
7053
2350
1077
6771
9695
8171
5165
418
8000
6958
8891
3532
5089
8392
3268
6100
6509
9222
8419
3187
6970
2208
8699
3894
4047
2530
5755
9717
9728
8580
7935
1632
5876
823
6419
3352
5080
623
146
5175
9836
7224
4861
7725
7675
8454
6104
3336
4776
1901
3246
6127
8163
4329
1412
8987
7931
5115
4459
6962
7438
2657
8303
9634
7500
337
2637
167
1898
9394
8401
2553
5346
1910
285
4117
5031
2088
6565
1413
3158
2318
4311
8479
4824
8379
7897
9239
9972
1220
5291
2082
417
2636
267
2152
8537
3215
7015
5477
6138
4903
9036
940
6054
1614
1918
5048
4506
113
6353
769
1099
1390
9619
2935
4076
8906
4428
3790
4140
5568
1966
775
9101
985
2007
3398
2431
6581
8405
3269
1003
324
281
6356
7788
9780
7252
3691
8679
823
4462
4431
459
16
5077
8108
9651
8617
8770
5093
4281
1556
3080
1813
245
4605
406
4033
546
5128
4508
2684
3601
2252
9498
1430
6040
939
1683
5506
9810
4493
6096
3107
7754
6104
3185
2850
4882
3758
9423
3583
3821
6723
1117
5745
4653
1866
7053
523
70
1307
6479
1806
8882
9954
9139
213
5486
7991
1296
7009
8065
6582
6621
8801
4124
619
6444
1389
3981
1932
7511
1679
6910
8306
9058
6287
6634
196
3968
4890
3264
994
3890
4126
9936
4460
6250
5125
5362
3309
7677
6939
3190
4279
5463
2429
5669
1084
8249
5568
2231
422
2877
11
9838
1636
6154
6915
7136
6977
1827
4641
2578
2930
7017
7489
8255
4332
6145
3258
5224
7120
2945
1093
9973
7141
6819
6188
569
6944
8508
6960
4468
2369
1750
6614
2947
4029
3065
1904
5906
9092
4265
388
9825
1871
8537
1115
9412
3992
2221
6696
9396
1477
3149
4146
9859
130
3013
2752
7645
490
1337
2433
1657
9794
6038
9173
9423
5170
8996
7291
5444
1200
4680
3783
8513
9979
3493
9823
2338
4258
1010
7603
3562
687
951
2311
1747
6291
3841
7343
4275
2350
9237
4182
4682
8123
6769
5770
7032
3926
2654
7911
4924
7387
9106
4766
8470
1932
2322
1618
4974
6255
4180
1920
7342
8146
322
7704
9082
2636
4794
5676
352
1729
2051
9572
9066
1217
1995
5979
513
9773
9803
3545
491
4103
8892
4670
6213
8390
1202
4360
2571
4835
6726
529
2660
9635
5106
3417
6940
5793
9638
2203
2537
3910
8887
1790
7854
3304
8839
8570
7853
2540
7344
5733
6359
6490
8505
4170
5024
5756
8171
5796
9662
7250
1165
7148
7152
2197
5020
2061
5404
3445
6199
464
6304
9682
1990
5721
8937
596
4474
6861
7106
5815
9391
9918
516
5174
3135
6021
6188
2546
5744
5387
91
6752
2509
2052
4311
6653
8211
6089
2942
4718
6642
3728
9242
4856
9923
169
8784
6984
1368
7975
3555
4081
14
1098
4870
5504
6960
1829
4398
9341
4710
2321
8949
4960
5594
7805
5019
1230
3147
640
1607
3647
1898
573
9436
1708
2834
6242
6150
7658
389
7853
2836
9998
2433
4794
5423
5372
145
8189
1736
8048
8895
6009
1633
3064
4952
4476
2177
4236
2472
743
9403
7819
6805
8877
504
3219
2311
71
8416
6797
8308
3953
4408
818
6634
597
5126
1006
3926
4034
9360
1104
289
2088
5746
7882
6218
6979
9422
556
7135
2114
1773
8471
9525
3795
4436
7345
4391
60
8850
5892
6810
6280
6389
2114
6287
7373
7565
8650
9826
2886
5048
3632
7024
9010
5532
4188
5493
8136
2116
2721
595
9012
8497
9272
3439
3331
3906
7864
677
4823
2975
3444
5771
7991
8158
770
6771
4695
6168
436
6026
783
2102
6484
2398
954
5509
4592
5645
5741
552
3920
1544
6514
8765
1152
6022
6017
3208
8782
853
2810
4795
1634
6283
7969
5959
1637
619
7830
3308
9919
9747
1936
2348
3057
5137
8757
9454
6507
9750
6296
7183
9228
7651
9024
3410
6644
5728
2529
2312
3543
9660
874
7659
7072
8078
5690
9108
1567
3257
3407
3964
4513
6655
8172
9424
7114
7036
3383
9421
1394
3235
9916
3483
3369
7687
9553
1815
6744
3967
8600
4136
4150
4316
2762
3218
9475
4679
1702
9193
5349
1571
406
9293
2044
7362
1530
884
7908
5364
7539
5510
3655
3162
3790
722
1164
5752
7002
6781
8224
5096
2680
3994
4159
1947
6415
7605
8063
2139
5801
1642
8074
2765
6542
291
9750
2706
8043
5998
4546
1836
654
6733
6415
4445
9520
4006
9096
106
6095
4075
512
3391
2199
5908
4407
8269
7677
5832
1288
3742
8
9467
354
8745
4444
9473
7393
5985
4564
3185
4952
3640
1995
2516
590
3088
3608
365
5106
5986
7075
6419
571
2488
8216
153
4241
1812
5511
6110
5234
7220
7350
192
2674
2701
3092
1708
9986
6004
4074
9616
1243
8204
2688
1650
5431
6489
4520
5385
7485
6675
2651
1081
2631
9110
5967
4956
7505
3878
9858
508
8049
2656
2742
2253
8941
6604
8361
8599
3005
7887
1311
4929
7118
1900
3982
8345
2240
4394
4662
2128
3069
321
1051
7458
503
9262
1920
1331
2140
2262
8546
7413
3992
1016
1438
9174
3768
3610
8704
2022
8838
101
3257
9927
1542
7085
5372
9261
8732
2216
6229
1429
8183
6897
1734
5537
2046
596
4960
9217
8054
4361
2938
7630
1629
7822
6049
8623
7062
6924
1693
9327
4913
4796
7227
8326
2678
9298
9772
2243
222
7015
1145
7995
5102
5365
6401
4363
1633
8060
1377
410
6977
5810
1823
6746
7170
8534
9252
2893
7883
2485
5011
4035
4002
7046
5577
914
1762
2928
6915
6959
524
3947
2999
600
9511
3828
9824
2196
6645
2074
8457
1042
1412
3093
7813
1134
1965
6246
4121
1554
3724
4729
8055
1993
2429
3768
3560
8158
8047
681
5444
5364
9656
8904
3873
8191
3605
9743
7862
2207
2780
113
6459
4492
4608
742
783
3997
2304
2832
2037
4595
6349
7805
1757
6530
5173
4245
8250
6048
2049
451
9701
422
3975
8225
1549
3620
5469
3260
2600
816
5291
3398
5547
7374
8827
3450
4082
332
2560
9850
7277
1380
1296
6212
6312
1781
8752
8563
1573
2395
7850
6114
6967
9370
8653
1643
5117
7882
5986
5086
8186
1436
5382
2525
3005
6075
1801
68
8594
3822
641
8294
5524
2794
171
1970
7005
6900
5584
6708
6283
4355
2896
312
5761
2276
686
6074
967
215
5672
1113
9327
983
2529
8201
8918
7191
7948
5096
5922
3592
5831
1624
3662
1095
4018
139
5359
9379
3434
4637
4978
1948
6839
5643
8357
7975
606
7105
1775
1278
8100
2529
6028
4500
7376
7280
9432
6758
1322
8666
9431
9245
2598
7782
8895
5664
296
6404
5555
1847
5395
194
5838
7386
7874
9582
456
2600
9313
5926
7623
5027
8777
8091
2612
6072
6086
3892
7673
7964
5191
1999
4405
3874
9490
7170
92
922
5537
5712
3469
9027
7645
4103
7745
4865
8133
645
2637
9130
7259
4891
2020
1914
491
2826
9469
5270
6089
8586
1292
2941
3350
2298
1599
3595
9535
2337
215
8375
4306
6627
9217
6300
2349
7167
2960
757
4677
1941
1529
354
4159
4757
6395
4295
6943
1602
6377
1651
6107
9862
3893
461
779
5951
9786
9643
5600
9975
6518
9085
2894
385
9490
6534
5623
783
8352
618
9669
4065
2768
7443
115
2568
6655
9518
4601
72
3020
3842
9346
1004
2408
5009
9675
8339
6282
518
2795
8264
9932
4718
5801
3775
7989
5940
8751
1771
531
6597
6969
9037
1909
1122
1034
2839
8355
8995
7435
4943
5675
3976
5424
4719
7273
683
234
5593
4706
5873
5010
1127
3165
9968
9528
5904
1181
6314
8121
2407
1311
8008
1558
9934
9837
7378
5335
5880
6637
5770
2587
2699
1082
8600
186
6724
3149
256
3290
261
2487
9504
8250
2297
8941
8965
5631
7848
9328
9822
296
4774
1655
9608
2672
742
1532
8600
8607
3053
3825
9831
1613
1985
2845
4807
8725
5375
7974
4
1233
6219
5596
7734
7416
8178
7760
4947
6497
7948
2831
2177
7570
1134
5008
9385
7065
5435
2165
4663
2374
8107
849
4750
3604
915
5015
1080
4387
3764
1498
3083
8067
2896
3030
8664
6222
3222
394
269
6738
2815
5745
9193
4057
3201
1948
399
3159
9153
3725
8628
6096
4757
4578
2067
2948
9943
8205
6192
9241
694
2268
826
2338
3335
3113
6937
8561
5865
848
1430
8246
9397
8
7130
1459
276
448
9439
8142
1306
6264
2259
1649
3857
4505
1466
850
2225
6530
7155
5114
6826
3152
3267
5573
2388
8601
190
6901
3454
4053
5396
9922
7219
3193
1943
2658
8858
2049
7019
3249
9852
8857
9799
4557
4929
6025
9640
9601
483
4379
8996
2444
5108
2618
2187
2621
2524
9017
74
8350
8554
1197
1866
4714
9099
8871
4101
267
3001
9170
4072
8228
6667
4117
2644
1352
9306
7798
6831
9670
5155
4828
4535
9570
968
8063
1623
7520
577
4622
3202
4927
7889
9916
8603
9568
6515
8599
4183
7730
2499
7271
1051
4108
8553
9840
3903
8278
9264
9348
996
612
660
9768
2209
3615
3146
6913
2649
2210
1178
5723
8553
8110
8199
6582
7309
2571
7903
9229
4866
8075
9117
6516
5478
6908
6652
7725
7500
587
3350
5319
8011
3727
8491
3572
374
1817
7933
2358
5639
758
1240
2677
7380
3806
7311
5343
8899
2172
7265
1021
1930
5098
9707
4509
31
6009
5127
3009
1886
3306
4194
3748
3961
8540
3962
7396
5065
5250
5814
3201
7731
9152
8305
6768
5110
2418
6846
76
145
1849
7359
138
8945
5971
64
423
8248
2646
3662
6448
9929
9769
5078
6397
1584
5742
472
9852
4239
1248
697
5766
7778
6949
888
9071
9396
8656
9064
8623
1739
4838
476
7352
5454
2634
9458
2900
775
2935
2070
2749
5299
666
6295
9464
8933
2890
4966
9263
6411
4565
3306
1561
4617
1784
9025
9128
6514
5354
5473
9950
6645
6309
285
8429
707
1779
1171
8410
2750
209
2225
5133
8669
5586
3096
936
3005
5619
7961
8513
242
4534
2572
1710
2939
6685
480
6316
6611
4341
4989
3452
4467
6445
2084
1659
4548
2801
1960
8908
8211
9991
3062
1492
3134
4005
6943
1841
6522
9981
1254
7960
1351
2727
4965
666
5067
4713
3498
1858
3659
501
1967
6845
9753
4591
6823
3431
1030
4346
5764
5358
2936
2526
8422
581
6727
8759
7534
8871
3346
173
3824
1878
4543
9436
1687
