10000
1
3
4
7
7
7
8
8
9
10
14
14
16
17
19
19
19
19
19
19
19
20
22
22
25
25
26
26
26
27
27
28
28
28
29
31
36
36
37
37
38
39
39
42
43
45
46
49
49
51
51
51
51
53
55
55
56
56
56
59
59
61
64
65
70
70
71
72
72
72
72
73
73
74
75
76
76
76
76
77
79
79
80
81
81
82
83
83
83
84
85
86
87
89
89
90
90
91
94
95
96
96
97
98
101
101
101
102
102
103
103
105
105
105
106
106
107
107
107
109
111
112
113
114
115
115
117
117
118
119
119
120
121
121
122
123
123
124
126
128
128
129
130
130
130
131
132
132
133
133
134
137
139
139
140
141
141
142
142
143
143
145
145
146
146
151
151
152
152
154
155
157
160
160
161
161
161
165
166
167
169
172
172
172
172
173
174
175
176
177
179
179
181
182
183
186
186
186
188
189
189
194
194
195
196
197
198
199
200
200
201
203
205
205
206
207
207
208
209
209
210
211
212
212
213
215
215
216
218
219
219
221
222
223
225
226
227
227
227
228
228
228
228
230
230
232
233
236
237
243
244
244
245
245
246
248
248
248
249
249
253
253
253
258
262
264
264
266
267
268
268
269
270
270
271
272
275
276
276
279
280
282
282
282
283
284
286
287
287
288
288
289
289
289
289
289
290
290
291
292
293
293
293
294
295
296
296
296
300
300
302
304
304
305
305
306
307
308
308
310
310
310
311
313
315
315
316
319
319
321
321
322
322
322
325
326
326
329
330
332
334
335
339
340
340
341
343
344
345
346
347
348
349
349
350
350
350
352
355
355
356
358
359
360
361
362
362
363
364
364
365
365
366
366
366
369
372
372
374
375
376
378
381
382
383
384
385
387
388
389
390
390
390
391
393
393
394
394
396
397
399
400
402
402
403
405
407
409
409
409
410
412
412
412
412
413
413
413
414
415
417
421
422
423
424
424
425
425
426
427
427
430
431
431
432
432
433
433
434
436
436
436
437
437
437
439
439
441
442
442
442
444
445
446
449
449
450
450
453
454
459
459
459
460
462
463
464
466
468
469
470
470
471
471
471
472
472
473
476
476
477
479
482
483
483
483
484
486
487
487
488
488
489
489
489
491
492
493
493
494
494
494
494
496
496
497
498
498
500
504
504
506
507
507
508
509
510
511
511
514
516
516
516
517
517
518
518
520
520
524
524
525
528
528
528
529
529
533
534
536
536
537
538
539
540
540
540
540
541
541
543
544
546
547
548
548
549
549
549
550
551
552
553
554
554
554
557
557
558
559
560
560
561
563
566
567
567
569
569
570
570
570
572
572
572
572
575
576
577
579
580
581
581
582
585
586
591
592
594
595
596
597
599
600
600
600
601
601
604
604
604
604
605
607
607
607
608
610
612
614
616
616
617
618
618
619
620
621
622
622
622
622
622
622
623
624
626
627
627
627
628
629
629
629
631
634
635
635
639
640
640
640
641
641
644
645
646
646
646
647
647
648
648
650
651
651
652
655
655
658
660
661
664
664
666
668
668
670
671
672
672
673
674
677
678
678
679
680
680
680
682
682
683
683
685
688
688
688
689
692
693
694
696
697
701
701
702
703
703
705
705
707
707
708
709
711
712
713
714
714
715
716
716
716
717
719
720
721
721
721
722
726
726
727
727
728
729
729
730
731
732
735
735
736
736
738
738
738
738
739
739
741
741
741
742
743
744
745
745
745
747
748
748
749
749
750
750
750
751
752
755
756
757
757
757
758
759
760
761
761
762
763
764
764
767
769
769
771
772
773
774
775
776
776
777
777
777
778
778
778
779
779
779
780
780
781
782
788
789
790
791
791
792
792
795
796
800
803
803
804
805
807
808
808
809
811
812
813
814
814
816
820
820
822
822
825
829
831
832
834
836
839
841
842
843
844
848
849
849
851
851
855
855
858
859
860
862
862
863
864
865
865
866
867
870
871
871
871
872
872
872
873
873
879
881
883
883
884
884
884
886
887
889
889
890
891
893
894
894
895
898
898
899
899
901
901
902
902
902
903
905
907
907
907
908
910
911
912
912
913
914
914
914
916
916
919
921
921
923
926
926
926
926
926
928
929
935
935
935
935
935
936
937
937
938
939
939
940
941
942
942
947
949
950
950
950
950
951
953
954
954
956
956
957
957
959
960
960
961
965
965
965
966
966
968
969
969
973
973
973
974
974
975
976
977
979
980
982
985
985
985
985
987
988
992
992
993
993
993
994
997
998
998
999
999
1002
1003
1004
1005
1005
1006
1006
1006
1007
1008
1008
1010
1014
1017
1018
1018
1019
1020
1021
1021
1022
1023
1023
1024
1024
1026
1026
1026
1027
1027
1028
1028
1030
1030
1032
1033
1033
1035
1038
1038
1039
1039
1040
1040
1041
1043
1043
1044
1046
1046
1046
1048
1049
1049
1050
1050
1051
1052
1052
1053
1054
1055
1056
1057
1058
1058
1060
1060
1060
1062
1062
1063
1064
1065
1067
1067
1069
1070
1070
1070
1071
1071
1071
1072
1074
1074
1078
1079
1080
1081
1081
1081
1082
1083
1084
1084
1085
1085
1086
1088
1089
1091
1091
1092
1092
1093
1093
1094
1094
1095
1095
1096
1097
1097
1098
1099
1101
1103
1103
1104
1104
1105
1106
1108
1110
1117
1118
1119
1122
1122
1124
1124
1126
1127
1127
1129
1129
1130
1130
1130
1130
1130
1133
1137
1138
1140
1141
1143
1143
1144
1144
1145
1145
1150
1150
1150
1155
1160
1160
1162
1164
1164
1164
1172
1173
1176
1176
1177
1177
1177
1177
1178
1179
1179
1180
1180
1180
1181
1181
1183
1183
1183
1184
1184
1187
1187
1187
1189
1189
1189
1189
1191
1191
1192
1193
1195
1199
1199
1199
1200
1200
1200
1203
1203
1204
1205
1205
1207
1208
1208
1208
1209
1210
1210
1211
1211
1211
1212
1213
1213
1214
1215
1216
1216
1217
1217
1218
1218
1220
1223
1225
1225
1225
1226
1227
1227
1227
1228
1229
1230
1231
1231
1234
1234
1236
1237
1238
1238
1238
1238
1239
1243
1243
1244
1244
1244
1244
1247
1248
1249
1255
1255
1256
1256
1260
1263
1265
1266
1267
1272
1272
1273
1273
1274
1276
1279
1279
1280
1280
1280
1281
1283
1285
1286
1286
1288
1289
1291
1291
1292
1294
1294
1294
1295
1295
1297
1298
1299
1301
1301
1303
1306
1306
1307
1307
1308
1308
1309
1309
1310
1311
1311
1311
1314
1317
1319
1321
1322
1322
1324
1324
1324
1325
1327
1327
1327
1329
1330
1331
1334
1334
1336
1336
1337
1337
1337
1338
1340
1341
1342
1345
1346
1346
1346
1347
1347
1348
1349
1350
1352
1353
1356
1356
1357
1359
1360
1362
1363
1363
1364
1364
1368
1371
1374
1375
1376
1376
1376
1377
1378
1378
1379
1381
1382
1382
1383
1385
1388
1388
1390
1390
1391
1393
1394
1395
1396
1399
1400
1401
1403
1407
1407
1409
1412
1413
1414
1414
1414
1415
1415
1417
1418
1418
1419
1420
1420
1421
1421
1421
1423
1425
1425
1426
1426
1426
1426
1428
1428
1429
1431
1431
1433
1433
1434
1435
1435
1436
1437
1437
1438
1439
1440
1441
1444
1445
1446
1446
1447
1448
1450
1450
1450
1450
1452
1452
1453
1455
1455
1456
1459
1459
1461
1461
1461
1463
1463
1466
1467
1467
1469
1470
1470
1471
1473
1474
1474
1475
1477
1478
1479
1479
1481
1481
1482
1487
1488
1489
1490
1491
1491
1493
1493
1494
1495
1495
1496
1499
1500
1502
1506
1507
1512
1513
1513
1515
1515
1515
1516
1516
1516
1517
1518
1518
1521
1521
1522
1524
1524
1525
1526
1526
1529
1529
1529
1530
1531
1532
1533
1534
1534
1534
1535
1535
1538
1540
1541
1542
1543
1544
1544
1544
1545
1545
1546
1548
1548
1548
1549
1550
1551
1551
1552
1552
1553
1554
1554
1556
1557
1557
1557
1560
1560
1561
1563
1563
1566
1567
1570
1570
1570
1570
1571
1571
1573
1573
1575
1576
1578
1581
1582
1582
1583
1584
1584
1584
1586
1586
1587
1587
1588
1588
1588
1589
1589
1589
1590
1590
1591
1594
1596
1598
1598
1598
1599
1600
1600
1600
1601
1601
1605
1605
1605
1607
1611
1611
1611
1612
1613
1615
1616
1617
1619
1620
1622
1623
1625
1625
1627
1627
1629
1630
1630
1633
1635
1636
1637
1637
1638
1639
1641
1641
1642
1642
1643
1646
1646
1647
1647
1649
1650
1650
1654
1657
1657
1657
1659
1659
1660
1662
1662
1664
1665
1667
1668
1668
1669
1670
1673
1674
1674
1676
1677
1678
1679
1681
1681
1685
1685
1685
1688
1689
1690
1690
1690
1691
1692
1693
1693
1695
1696
1696
1696
1697
1697
1699
1699
1700
1701
1701
1702
1703
1704
1705
1705
1706
1707
1707
1708
1709
1710
1710
1710
1712
1713
1714
1715
1715
1716
1716
1716
1720
1720
1721
1723
1723
1726
1727
1731
1731
1731
1731
1732
1733
1733
1733
1734
1734
1734
1735
1735
1737
1738
1740
1741
1741
1741
1742
1743
1744
1746
1747
1748
1753
1755
1755
1758
1758
1759
1760
1760
1763
1766
1768
1768
1769
1769
1771
1773
1776
1776
1777
1778
1779
1780
1781
1781
1782
1782
1782
1785
1787
1788
1790
1791
1791
1792
1793
1794
1794
1795
1797
1797
1798
1798
1801
1802
1803
1804
1806
1807
1807
1808
1809
1810
1810
1811
1811
1812
1815
1816
1817
1817
1818
1819
1820
1820
1821
1824
1827
1828
1829
1830
1830
1832
1833
1834
1834
1835
1836
1836
1836
1836
1837
1839
1840
1840
1840
1842
1845
1845
1845
1846
1847
1847
1847
1850
1851
1853
1853
1854
1855
1855
1855
1858
1858
1858
1858
1862
1863
1865
1869
1870
1870
1871
1871
1872
1873
1874
1874
1876
1877
1878
1880
1881
1882
1882
1883
1884
1884
1886
1887
1888
1889
1889
1889
1890
1891
1892
1898
1899
1900
1901
1901
1904
1904
1904
1905
1905
1905
1910
1911
1912
1912
1912
1913
1915
1915
1917
1917
1917
1919
1921
1921
1922
1922
1922
1923
1923
1923
1925
1925
1926
1927
1928
1929
1929
1930
1930
1931
1932
1934
1935
1936
1937
1937
1939
1939
1940
1941
1941
1941
1941
1942
1943
1944
1945
1945
1946
1951
1951
1951
1952
1954
1957
1957
1958
1958
1959
1961
1961
1961
1962
1963
1963
1963
1963
1964
1965
1966
1967
1970
1971
1972
1973
1973
1975
1976
1976
1977
1978
1978
1982
1983
1984
1986
1987
1987
1987
1988
1988
1989
1989
1991
1991
1992
1992
1994
1996
1998
2000
2003
2004
2005
2005
2008
2008
2008
2008
2009
2009
2013
2014
2014
2014
2014
2016
2018
2018
2019
2019
2020
2023
2025
2025
2028
2029
2031
2031
2032
2033
2036
2037
2037
2037
2042
2042
2043
2044
2047
2048
2050
2050
2051
2052
2052
2052
2053
2053
2053
2054
2054
2054
2055
2055
2055
2058
2061
2062
2063
2064
2066
2066
2066
2067
2068
2070
2071
2072
2072
2074
2075
2078
2079
2082
2085
2086
2087
2088
2089
2090
2090
2092
2094
2096
2097
2097
2098
2099
2099
2100
2101
2103
2104
2104
2104
2106
2106
2108
2108
2113
2114
2115
2115
2116
2117
2118
2119
2121
2122
2123
2124
2124
2124
2125
2126
2126
2127
2127
2127
2128
2131
2131
2132
2133
2133
2133
2134
2135
2135
2135
2135
2136
2136
2137
2137
2140
2141
2141
2142
2142
2142
2143
2148
2151
2151
2151
2151
2152
2153
2154
2155
2155
2157
2158
2158
2159
2159
2160
2160
2161
2162
2162
2163
2163
2163
2164
2167
2168
2171
2172
2172
2172
2172
2173
2173
2173
2175
2175
2175
2175
2176
2177
2178
2179
2179
2180
2181
2183
2184
2187
2187
2188
2188
2191
2191
2192
2192
2192
2198
2198
2199
2199
2201
2201
2202
2202
2202
2203
2203
2204
2204
2205
2208
2208
2211
2211
2212
2212
2213
2214
2214
2214
2215
2215
2216
2217
2217
2217
2218
2221
2221
2222
2223
2225
2232
2234
2236
2236
2237
2238
2239
2239
2243
2243
2244
2245
2247
2248
2248
2249
2249
2251
2253
2256
2256
2257
2259
2260
2260
2261
2263
2264
2264
2265
2266
2268
2269
2269
2269
2271
2272
2272
2272
2273
2273
2274
2275
2275
2276
2279
2280
2281
2281
2283
2284
2286
2291
2292
2292
2293
2295
2295
2297
2297
2298
2299
2300
2300
2301
2301
2302
2303
2303
2303
2303
2306
2307
2307
2307
2308
2308
2308
2309
2310
2310
2310
2311
2312
2312
2312
2314
2316
2320
2328
2328
2329
2330
2333
2335
2335
2336
2341
2341
2341
2342
2343
2344
2345
2345
2345
2345
2347
2347
2349
2350
2351
2351
2352
2355
2355
2358
2358
2358
2362
2363
2363
2365
2365
2366
2367
2368
2368
2370
2371
2373
2373
2375
2375
2377
2378
2378
2379
2379
2381
2381
2382
2382
2385
2385
2386
2386
2388
2389
2390
2390
2390
2392
2393
2394
2394
2397
2398
2398
2400
2400
2402
2403
2406
2406
2406
2406
2407
2408
2409
2409
2410
2410
2410
2412
2412
2412
2414
2416
2416
2416
2419
2419
2420
2420
2421
2424
2425
2427
2431
2431
2432
2433
2434
2437
2437
2438
2439
2439
2439
2440
2441
2442
2443
2444
2447
2448
2449
2451
2451
2452
2455
2455
2456
2458
2458
2459
2459
2460
2460
2462
2462
2463
2464
2464
2465
2466
2469
2470
2470
2473
2474
2475
2476
2476
2478
2478
2478
2478
2480
2481
2481
2481
2481
2482
2482
2485
2486
2487
2489
2490
2490
2490
2492
2493
2493
2494
2496
2497
2497
2501
2501
2501
2502
2503
2503
2504
2506
2508
2509
2510
2511
2511
2511
2512
2516
2516
2520
2520
2520
2523
2524
2524
2526
2527
2531
2533
2534
2534
2536
2537
2538
2538
2539
2540
2540
2541
2541
2541
2541
2542
2543
2543
2545
2545
2546
2547
2550
2551
2552
2552
2553
2554
2556
2557
2558
2558
2558
2560
2561
2561
2562
2562
2567
2569
2570
2571
2572
2572
2574
2574
2576
2578
2579
2580
2582
2582
2582
2583
2583
2585
2587
2588
2589
2591
2592
2595
2595
2595
2596
2597
2601
2601
2602
2603
2603
2606
2611
2611
2611
2612
2612
2613
2613
2614
2615
2616
2616
2616
2617
2617
2618
2618
2622
2622
2622
2622
2622
2622
2622
2623
2623
2624
2625
2625
2627
2628
2628
2629
2631
2631
2632
2634
2635
2636
2637
2638
2638
2640
2642
2643
2643
2643
2644
2644
2645
2646
2647
2647
2648
2649
2649
2652
2652
2655
2658
2659
2662
2663
2664
2664
2665
2665
2666
2666
2667
2668
2669
2671
2673
2674
2676
2677
2677
2677
2679
2679
2680
2681
2681
2681
2684
2684
2684
2684
2686
2686
2687
2688
2688
2692
2692
2693
2693
2693
2695
2700
2701
2703
2706
2707
2707
2708
2710
2710
2711
2712
2714
2714
2715
2716
2717
2717
2719
2721
2721
2722
2723
2724
2724
2724
2725
2726
2728
2732
2732
2733
2734
2736
2738
2738
2738
2738
2738
2739
2739
2740
2741
2742
2742
2745
2746
2746
2746
2749
2750
2753
2754
2757
2758
2759
2763
2764
2764
2766
2766
2767
2767
2768
2768
2768
2770
2772
2774
2776
2779
2779
2781
2781
2782
2782
2782
2783
2783
2785
2786
2789
2790
2790
2793
2794
2796
2796
2797
2799
2799
2799
2799
2799
2799
2800
2801
2801
2802
2802
2803
2804
2804
2804
2809
2813
2813
2813
2813
2813
2815
2818
2818
2819
2820
2820
2821
2821
2822
2823
2824
2824
2825
2827
2830
2831
2834
2835
2835
2836
2836
2840
2840
2841
2842
2844
2844
2846
2847
2847
2848
2852
2853
2857
2857
2859
2861
2861
2861
2864
2864
2865
2867
2870
2871
2872
2872
2875
2878
2879
2881
2881
2882
2882
2884
2886
2887
2890
2890
2891
2892
2892
2892
2896
2897
2897
2898
2898
2898
2899
2900
2901
2904
2904
2905
2908
2909
2909
2913
2914
2915
2916
2916
2917
2918
2919
2921
2922
2923
2925
2925
2925
2927
2927
2928
2928
2929
2929
2931
2932
2932
2934
2935
2937
2937
2938
2938
2938
2939
2939
2939
2940
2941
2943
2943
2943
2943
2943
2944
2944
2945
2947
2948
2949
2950
2951
2951
2953
2953
2957
2957
2957
2958
2958
2960
2962
2965
2966
2967
2967
2967
2969
2969
2969
2971
2971
2972
2972
2973
2976
2977
2977
2979
2979
2979
2979
2980
2981
2985
2987
2987
2989
2991
2991
2992
2993
2993
2994
2997
2998
2998
2998
2999
2999
3000
3000
3001
3001
3004
3005
3005
3006
3009
3010
3010
3010
3011
3011
3014
3015
3015
3015
3016
3016
3018
3020
3020
3020
3021
3021
3025
3026
3026
3027
3027
3029
3030
3030
3031
3031
3032
3032
3035
3037
3039
3040
3042
3043
3043
3045
3047
3048
3049
3049
3052
3053
3053
3053
3055
3055
3055
3059
3060
3061
3061
3061
3062
3063
3064
3064
3068
3068
3068
3068
3069
3069
3070
3070
3072
3073
3074
3075
3076
3077
3077
3078
3078
3079
3079
3079
3079
3080
3081
3081
3082
3083
3085
3085
3086
3086
3087
3088
3088
3090
3090
3091
3092
3093
3094
3094
3094
3094
3094
3098
3098
3100
3104
3105
3106
3107
3107
3108
3108
3109
3109
3109
3109
3109
3114
3114
3116
3117
3117
3118
3118
3120
3122
3123
3127
3128
3130
3130
3132
3133
3134
3135
3136
3139
3141
3141
3142
3144
3144
3146
3148
3149
3151
3151
3151
3151
3152
3152
3153
3154
3154
3155
3157
3158
3158
3163
3165
3166
3167
3168
3170
3171
3174
3176
3178
3178
3178
3179
3180
3181
3181
3183
3184
3185
3185
3185
3187
3187
3187
3188
3188
3191
3192
3193
3193
3197
3199
3201
3203
3203
3204
3206
3206
3206
3207
3211
3211
3212
3213
3215
3215
3216
3217
3218
3221
3225
3225
3226
3227
3228
3229
3230
3230
3230
3231
3232
3235
3236
3238
3238
3241
3241
3241
3241
3241
3243
3243
3244
3244
3244
3244
3246
3247
3247
3250
3250
3252
3252
3253
3254
3255
3256
3256
3259
3259
3261
3261
3261
3261
3263
3265
3265
3269
3270
3271
3271
3272
3273
3273
3275
3276
3284
3284
3284
3285
3286
3286
3287
3288
3288
3289
3290
3292
3295
3296
3296
3296
3298
3298
3299
3299
3300
3300
3302
3302
3302
3302
3302
3303
3305
3306
3306
3306
3310
3310
3312
3315
3316
3316
3316
3316
3317
3318
3319
3320
3321
3323
3323
3325
3326
3326
3328
3328
3331
3332
3332
3335
3335
3337
3338
3339
3339
3344
3344
3344
3345
3345
3348
3348
3349
3351
3352
3353
3353
3353
3354
3354
3357
3362
3363
3364
3364
3365
3368
3368
3369
3372
3373
3373
3374
3376
3380
3380
3382
3384
3387
3392
3393
3394
3395
3396
3396
3398
3399
3401
3402
3403
3406
3408
3409
3409
3409
3410
3410
3412
3414
3415
3417
3418
3418
3419
3419
3419
3420
3420
3421
3422
3422
3422
3422
3425
3426
3427
3427
3427
3427
3428
3430
3432
3432
3432
3433
3434
3434
3435
3436
3437
3438
3438
3439
3440
3440
3440
3441
3442
3443
3443
3443
3443
3443
3444
3444
3445
3445
3446
3447
3450
3450
3450
3450
3454
3454
3455
3456
3457
3457
3457
3460
3462
3462
3463
3465
3466
3467
3467
3470
3471
3473
3474
3474
3476
3477
3477
3478
3480
3480
3481
3482
3482
3482
3484
3485
3487
3488
3489
3489
3490
3490
3490
3491
3492
3493
3494
3497
3497
3497
3498
3498
3500
3500
3500
3501
3501
3501
3503
3504
3505
3506
3508
3508
3509
3509
3510
3510
3512
3513
3513
3514
3515
3515
3516
3520
3521
3521
3523
3524
3526
3527
3529
3531
3531
3532
3532
3534
3535
3538
3538
3542
3543
3544
3547
3549
3549
3550
3550
3551
3552
3552
3553
3553
3553
3554
3556
3559
3560
3560
3561
3563
3563
3563
3563
3564
3565
3565
3567
3570
3570
3570
3571
3571
3572
3572
3573
3574
3574
3574
3576
3579
3579
3580
3580
3581
3581
3581
3582
3584
3584
3584
3585
3585
3586
3586
3586
3587
3589
3592
3595
3597
3598
3599
3600
3602
3604
3608
3610
3610
3610
3610
3611
3612
3612
3613
3615
3617
3618
3619
3620
3620
3623
3625
3625
3627
3632
3632
3633
3634
3636
3639
3641
3641
3642
3642
3642
3642
3644
3644
3646
3646
3646
3647
3647
3647
3647
3648
3648
3650
3652
3653
3656
3661
3663
3663
3663
3664
3664
3665
3665
3666
3666
3667
3667
3668
3669
3671
3671
3672
3679
3679
3679
3680
3681
3681
3683
3683
3683
3684
3685
3686
3688
3689
3689
3691
3691
3692
3694
3695
3697
3698
3700
3701
3702
3703
3703
3703
3704
3705
3705
3705
3706
3709
3710
3711
3712
3713
3713
3714
3715
3716
3717
3717
3718
3719
3719
3719
3721
3723
3723
3723
3723
3724
3724
3724
3724
3725
3726
3727
3729
3730
3730
3731
3731
3731
3732
3732
3732
3732
3733
3733
3733
3734
3734
3734
3735
3736
3736
3737
3738
3739
3740
3742
3742
3742
3745
3746
3749
3749
3750
3750
3750
3751
3752
3754
3755
3755
3755
3755
3756
3757
3758
3759
3759
3760
3760
3761
3761
3762
3763
3764
3765
3766
3766
3766
3768
3772
3772
3773
3774
3775
3775
3777
3777
3777
3779
3782
3782
3782
3782
3783
3785
3786
3786
3786
3786
3786
3789
3789
3791
3791
3793
3793
3794
3794
3794
3795
3795
3797
3798
3798
3798
3799
3799
3799
3800
3801
3802
3802
3804
3805
3805
3806
3807
3807
3807
3809
3810
3810
3810
3811
3811
3814
3815
3815
3815
3815
3819
3819
3820
3820
3821
3823
3823
3823
3824
3824
3824
3825
3826
3826
3827
3830
3831
3831
3831
3831
3832
3833
3834
3834
3835
3835
3836
3837
3838
3839
3839
3841
3842
3845
3845
3845
3846
3847
3849
3849
3849
3849
3850
3850
3853
3853
3854
3855
3856
3856
3856
3858
3859
3859
3860
3862
3862
3864
3869
3869
3870
3872
3872
3872
3873
3873
3874
3874
3875
3877
3877
3878
3878
3879
3880
3884
3884
3887
3887
3888
3890
3891
3891
3892
3893
3894
3894
3894
3895
3896
3896
3897
3898
3903
3904
3905
3906
3908
3909
3910
3912
3914
3914
3918
3919
3919
3920
3920
3921
3922
3924
3926
3927
3928
3928
3929
3930
3930
3932
3932
3933
3935
3935
3936
3938
3938
3939
3939
3945
3947
3948
3949
3950
3950
3951
3953
3954
3954
3954
3956
3957
3957
3957
3959
3959
3959
3961
3962
3962
3965
3966
3967
3968
3969
3971
3971
3974
3976
3976
3977
3977
3978
3978
3978
3978
3978
3980
3980
3982
3983
3983
3983
3985
3987
3988
3989
3990
3990
3992
3992
3992
3993
3994
3994
3996
3997
3997
3997
3999
4000
4001
4002
4008
4009
4010
4011
4012
4012
4015
4018
4020
4021
4023
4023
4023
4023
4026
4026
4028
4031
4033
4034
4034
4035
4035
4035
4036
4036
4037
4038
4038
4040
4041
4044
4046
4047
4047
4048
4049
4049
4051
4051
4052
4054
4055
4056
4056
4059
4061
4063
4063
4063
4064
4064
4065
4066
4067
4067
4069
4070
4070
4071
4072
4073
4074
4074
4075
4075
4075
4076
4077
4078
4079
4080
4081
4082
4083
4083
4084
4084
4085
4087
4087
4087
4089
4090
4091
4093
4094
4094
4094
4096
4097
4097
4098
4099
4099
4099
4100
4100
4102
4102
4102
4104
4105
4105
4106
4107
4110
4111
4113
4114
4115
4119
4119
4120
4121
4121
4126
4128
4129
4130
4130
4134
4134
4134
4135
4136
4136
4137
4138
4138
4138
4140
4141
4141
4144
4145
4145
4145
4147
4147
4150
4151
4151
4153
4153
4154
4154
4154
4157
4158
4159
4160
4160
4160
4161
4161
4162
4162
4162
4166
4167
4170
4171
4171
4171
4177
4177
4180
4182
4182
4184
4184
4186
4186
4186
4187
4188
4188
4190
4190
4191
4193
4193
4194
4195
4196
4196
4197
4200
4201
4202
4203
4204
4206
4208
4209
4209
4216
4217
4217
4217
4218
4220
4220
4220
4221
4221
4221
4221
4222
4222
4223
4223
4223
4224
4224
4225
4225
4225
4227
4227
4227
4229
4232
4232
4232
4232
4234
4235
4235
4236
4237
4238
4238
4239
4240
4240
4241
4241
4242
4244
4245
4245
4247
4248
4248
4248
4248
4248
4249
4249
4250
4250
4255
4255
4257
4257
4258
4259
4260
4260
4260
4262
4262
4263
4263
4263
4265
4265
4265
4265
4267
4267
4269
4269
4270
4270
4270
4272
4272
4273
4274
4274
4274
4274
4274
4274
4275
4275
4275
4275
4280
4280
4281
4282
4283
4284
4285
4285
4286
4288
4290
4291
4291
4292
4293
4295
4298
4298
4300
4300
4301
4301
4301
4301
4303
4306
4306
4307
4307
4308
4309
4310
4312
4313
4313
4314
4315
4315
4316
4316
4317
4317
4320
4321
4321
4323
4325
4325
4328
4328
4329
4331
4332
4332
4333
4335
4336
4337
4338
4341
4342
4343
4343
4345
4345
4346
4347
4348
4348
4350
4351
4351
4352
4352
4353
4354
4355
4356
4357
4358
4359
4360
4363
4363
4363
4366
4368
4369
4371
4376
4377
4379
4379
4380
4380
4383
4384
4384
4385
4385
4386
4386
4387
4387
4389
4389
4391
4391
4392
4393
4393
4396
4396
4397
4398
4398
4399
4401
4402
4402
4403
4404
4404
4405
4406
4406
4406
4407
4408
4408
4410
4411
4413
4413
4415
4416
4419
4419
4422
4422
4422
4423
4424
4425
4425
4425
4426
4427
4427
4428
4428
4428
4429
4430
4431
4434
4435
4435
4436
4437
4439
4442
4443
4445
4446
4446
4448
4450
4451
4451
4452
4452
4453
4455
4456
4457
4457
4457
4458
4459
4460
4461
4461
4462
4462
4463
4463
4464
4465
4466
4467
4468
4470
4470
4470
4470
4472
4473
4474
4474
4475
4476
4477
4478
4480
4480
4482
4482
4485
4485
4486
4488
4488
4489
4490
4492
4493
4493
4493
4495
4502
4503
4503
4504
4505
4506
4507
4508
4508
4508
4509
4510
4512
4512
4515
4516
4517
4519
4523
4523
4523
4524
4524
4524
4525
4526
4528
4528
4528
4529
4529
4530
4530
4531
4531
4532
4532
4533
4534
4535
4535
4539
4540
4541
4541
4542
4543
4545
4545
4545
4545
4547
4553
4553
4554
4558
4558
4558
4559
4559
4559
4560
4561
4564
4565
4568
4568
4571
4571
4572
4573
4573
4573
4574
4575
4575
4576
4576
4578
4579
4580
4580
4581
4582
4583
4584
4584
4587
4587
4589
4590
4591
4595
4595
4596
4598
4598
4598
4600
4601
4602
4605
4605
4605
4606
4606
4606
4608
4609
4611
4615
4615
4615
4616
4618
4618
4618
4618
4619
4620
4621
4621
4621
4624
4625
4626
4626
4626
4627
4627
4629
4629
4629
4630
4631
4632
4632
4632
4633
4633
4633
4634
4636
4636
4641
4642
4642
4644
4646
4648
4648
4648
4649
4651
4652
4653
4654
4654
4656
4658
4658
4658
4659
4660
4660
4661
4662
4662
4663
4663
4663
4664
4664
4664
4665
4666
4667
4670
4670
4671
4672
4674
4675
4677
4677
4677
4680
4680
4681
4682
4682
4683
4683
4684
4684
4684
4685
4686
4686
4689
4691
4692
4694
4695
4699
4700
4700
4703
4705
4705
4705
4706
4707
4707
4708
4708
4709
4709
4709
4713
4714
4714
4714
4715
4717
4718
4718
4718
4718
4719
4723
4723
4727
4727
4730
4730
4730
4731
4731
4732
4733
4734
4735
4738
4739
4739
4739
4739
4741
4741
4744
4744
4745
4745
4750
4750
4752
4753
4754
4754
4755
4756
4757
4758
4758
4760
4762
4762
4766
4767
4767
4768
4769
4769
4770
4771
4771
4771
4776
4778
4778
4779
4779
4780
4780
4780
4781
4781
4783
4784
4784
4784
4788
4788
4790
4790
4791
4793
4793
4794
4796
4797
4799
4799
4800
4800
4800
4801
4804
4805
4806
4806
4806
4807
4807
4808
4809
4809
4810
4811
4811
4812
4813
4813
4814
4815
4817
4819
4820
4821
4821
4822
4823
4825
4826
4826
4827
4827
4829
4830
4830
4832
4833
4833
4834
4835
4835
4836
4837
4839
4841
4842
4843
4844
4845
4845
4845
4847
4847
4847
4847
4852
4861
4862
4862
4862
4863
4864
4866
4868
4868
4868
4869
4871
4871
4871
4872
4873
4873
4874
4874
4875
4877
4878
4878
4878
4878
4879
4879
4879
4880
4880
4881
4882
4882
4883
4883
4883
4883
4884
4885
4885
4886
4887
4888
4888
4890
4891
4892
4893
4894
4895
4896
4898
4898
4898
4898
4899
4901
4901
4902
4904
4904
4904
4905
4905
4905
4907
4908
4908
4909
4910
4911
4911
4912
4912
4915
4917
4918
4918
4919
4919
4919
4920
4922
4923
4923
4924
4924
4924
4926
4926
4926
4926
4928
4928
4928
4929
4929
4930
4931
4931
4932
4932
4932
4932
4933
4933
4935
4937
4937
4937
4939
4939
4941
4942
4943
4943
4945
4945
4946
4949
4949
4950
4950
4951
4951
4952
4952
4952
4953
4954
4956
4958
4960
4964
4964
4964
4966
4966
4969
4970
4970
4971
4972
4974
4975
4976
4977
4977
4977
4980
4981
4981
4982
4983
4983
4983
4984
4984
4985
4985
4987
4989
4989
4989
4991
4996
4997
4998
5000
5002
5003
5003
5004
5004
5004
5005
5005
5005
5007
5007
5007
5009
5010
5010
5011
5011
5012
5013
5013
5014
5016
5016
5017
5018
5019
5019
5019
5020
5020
5021
5021
5022
5023
5024
5024
5025
5026
5030
5032
5032
5034
5035
5035
5036
5036
5037
5038
5040
5041
5042
5042
5042
5042
5043
5046
5048
5049
5052
5054
5055
5056
5057
5057
5058
5059
5060
5062
5063
5064
5066
5067
5068
5070
5072
5073
5074
5076
5078
5078
5080
5080
5081
5081
5083
5083
5083
5085
5085
5089
5089
5090
5092
5092
5093
5093
5093
5094
5094
5094
5096
5096
5098
5099
5099
5099
5100
5100
5101
5101
5102
5102
5103
5107
5108
5109
5109
5109
5110
5110
5112
5112
5113
5113
5113
5118
5121
5122
5123
5124
5124
5125
5126
5127
5127
5128
5130
5130
5130
5130
5130
5133
5133
5133
5134
5135
5135
5137
5138
5139
5140
5140
5141
5143
5145
5147
5148
5148
5150
5151
5155
5155
5155
5155
5158
5158
5159
5161
5163
5163
5166
5168
5170
5170
5172
5173
5174
5175
5175
5176
5177
5179
5179
5180
5181
5181
5182
5183
5183
5185
5185
5186
5188
5188
5189
5189
5189
5190
5192
5193
5193
5193
5194
5197
5198
5199
5200
5200
5200
5200
5202
5202
5203
5203
5203
5205
5205
5205
5206
5207
5208
5208
5208
5215
5216
5217
5218
5218
5220
5221
5221
5226
5228
5228
5229
5229
5230
5230
5230
5231
5232
5233
5234
5234
5235
5236
5236
5236
5237
5238
5240
5240
5242
5244
5244
5246
5246
5249
5249
5249
5250
5253
5253
5254
5257
5257
5260
5261
5262
5262
5264
5264
5265
5265
5265
5267
5269
5270
5270
5273
5273
5274
5276
5277
5277
5277
5278
5281
5282
5284
5286
5286
5288
5288
5288
5288
5289
5289
5289
5290
5292
5293
5294
5294
5295
5296
5298
5300
5301
5302
5303
5306
5307
5309
5309
5309
5312
5312
5312
5312
5312
5313
5314
5315
5316
5318
5318
5319
5322
5323
5323
5324
5324
5326
5326
5326
5328
5329
5330
5331
5331
5332
5332
5333
5333
5334
5334
5335
5339
5339
5339
5340
5340
5342
5343
5344
5344
5345
5345
5346
5349
5349
5349
5351
5351
5353
5354
5355
5355
5356
5358
5358
5359
5361
5362
5363
5363
5363
5363
5365
5365
5365
5365
5365
5366
5366
5367
5367
5369
5369
5370
5374
5375
5377
5377
5379
5380
5381
5382
5382
5383
5386
5392
5393
5393
5394
5395
5396
5397
5398
5399
5401
5402
5402
5402
5403
5403
5409
5409
5412
5413
5415
5415
5417
5417
5418
5418
5419
5419
5421
5421
5422
5422
5423
5427
5429
5429
5429
5429
5430
5432
5434
5434
5435
5436
5437
5438
5439
5441
5441
5445
5447
5447
5447
5449
5449
5450
5451
5452
5452
5453
5453
5453
5453
5454
5455
5455
5455
5457
5458
5459
5462
5464
5467
5469
5470
5471
5471
5476
5476
5477
5478
5480
5480
5480
5482
5482
5485
5485
5487
5488
5490
5491
5494
5494
5495
5495
5497
5498
5498
5500
5500
5500
5501
5501
5501
5502
5503
5504
5504
5504
5504
5506
5507
5507
5508
5509
5510
5510
5510
5511
5511
5512
5512
5513
5513
5513
5514
5514
5515
5516
5517
5518
5520
5520
5522
5523
5524
5527
5529
5529
5530
5531
5532
5534
5534
5534
5535
5536
5537
5539
5539
5539
5539
5540
5542
5542
5542
5544
5545
5545
5546
5547
5547
5548
5552
5553
5554
5556
5558
5559
5560
5560
5563
5564
5565
5570
5570
5572
5573
5574
5574
5576
5578
5578
5580
5580
5580
5582
5585
5585
5586
5587
5588
5588
5588
5591
5592
5592
5595
5595
5595
5597
5598
5600
5600
5601
5601
5602
5604
5604
5604
5605
5607
5607
5608
5608
5608
5613
5615
5615
5616
5617
5617
5617
5618
5626
5627
5628
5629
5630
5630
5631
5631
5633
5633
5634
5635
5635
5635
5637
5637
5638
5638
5639
5640
5640
5641
5643
5644
5644
5644
5645
5646
5648
5649
5649
5651
5651
5651
5652
5653
5653
5653
5655
5655
5656
5658
5659
5661
5661
5661
5661
5662
5663
5663
5664
5666
5667
5667
5669
5670
5671
5672
5676
5679
5679
5681
5681
5682
5683
5684
5684
5686
5688
5690
5690
5690
5690
5690
5690
5690
5691
5692
5693
5693
5694
5695
5696
5698
5699
5702
5705
5707
5709
5709
5711
5712
5713
5716
5716
5716
5717
5717
5718
5718
5718
5718
5720
5724
5724
5725
5725
5726
5730
5730
5732
5732
5733
5735
5745
5746
5746
5747
5747
5747
5747
5751
5751
5752
5754
5755
5756
5757
5757
5758
5760
5760
5761
5762
5763
5764
5765
5765
5766
5766
5766
5766
5769
5772
5773
5775
5776
5777
5777
5779
5780
5781
5782
5783
5784
5785
5786
5788
5788
5789
5791
5791
5792
5794
5795
5795
5797
5797
5798
5799
5800
5801
5801
5802
5806
5813
5815
5818
5819
5820
5820
5821
5822
5823
5824
5825
5825
5827
5827
5827
5827
5828
5828
5830
5831
5832
5832
5833
5834
5834
5834
5834
5835
5836
5837
5837
5838
5841
5841
5843
5844
5844
5845
5845
5848
5848
5849
5849
5851
5852
5852
5852
5853
5853
5855
5856
5862
5863
5863
5864
5864
5865
5867
5867
5868
5869
5870
5871
5871
5872
5873
5873
5876
5876
5876
5876
5876
5877
5877
5878
5878
5881
5886
5887
5887
5889
5889
5890
5892
5894
5895
5896
5896
5896
5896
5898
5899
5899
5901
5902
5903
5904
5905
5905
5906
5906
5908
5909
5909
5910
5911
5912
5913
5913
5914
5916
5918
5922
5923
5923
5925
5925
5925
5925
5925
5926
5928
5929
5932
5932
5933
5934
5934
5938
5938
5940
5940
5940
5941
5945
5946
5947
5947
5947
5947
5948
5948
5952
5955
5957
5958
5958
5959
5961
5961
5961
5962
5962
5964
5966
5966
5969
5970
5972
5975
5975
5975
5976
5977
5977
5978
5979
5982
5984
5984
5985
5988
5988
5989
5989
5989
5990
5991
5991
5991
5991
5992
5992
5993
5993
5993
5993
5999
5999
6003
6007
6007
6007
6008
6009
6010
6011
6011
6013
6019
6020
6021
6024
6030
6033
6036
6037
6039
6042
6042
6045
6045
6045
6045
6046
6047
6048
6049
6051
6052
6052
6055
6055
6056
6058
6058
6059
6059
6060
6061
6061
6062
6064
6065
6066
6068
6068
6071
6071
6073
6074
6075
6075
6076
6076
6077
6078
6079
6079
6079
6081
6081
6082
6083
6083
6084
6086
6087
6088
6090
6092
6093
6095
6097
6097
6097
6098
6099
6100
6102
6102
6103
6105
6105
6106
6107
6107
6108
6109
6109
6110
6114
6116
6117
6117
6119
6120
6121
6123
6123
6124
6125
6125
6126
6126
6126
6128
6129
6133
6135
6140
6142
6143
6144
6145
6146
6148
6148
6148
6150
6150
6153
6153
6154
6154
6155
6156
6158
6158
6161
6161
6161
6161
6162
6164
6166
6168
6169
6171
6171
6172
6172
6174
6175
6177
6177
6179
6180
6181
6181
6182
6183
6184
6184
6185
6187
6187
6189
6191
6191
6192
6194
6194
6196
6198
6201
6201
6202
6204
6205
6206
6206
6206
6207
6210
6213
6214
6214
6215
6216
6216
6216
6216
6217
6218
6221
6221
6222
6223
6225
6228
6229
6229
6231
6232
6232
6232
6234
6234
6234
6235
6235
6237
6237
6239
6241
6242
6242
6242
6242
6242
6242
6245
6245
6245
6246
6247
6247
6248
6248
6249
6249
6251
6252
6252
6252
6252
6253
6254
6254
6254
6255
6256
6256
6257
6258
6263
6263
6264
6265
6265
6265
6267
6268
6268
6269
6269
6269
6270
6270
6271
6271
6271
6274
6274
6275
6278
6279
6280
6280
6281
6281
6282
6282
6282
6283
6284
6285
6287
6287
6288
6289
6292
6293
6293
6301
6303
6304
6304
6304
6305
6305
6305
6307
6307
6308
6308
6309
6309
6309
6310
6310
6311
6311
6311
6312
6314
6316
6316
6316
6317
6319
6325
6325
6325
6326
6326
6326
6327
6329
6329
6330
6330
6331
6331
6331
6334
6335
6337
6338
6338
6339
6340
6343
6344
6344
6345
6348
6350
6353
6354
6354
6355
6356
6357
6358
6358
6360
6361
6361
6362
6363
6363
6364
6364
6364
6364
6365
6365
6366
6367
6369
6371
6373
6373
6373
6374
6376
6377
6377
6379
6380
6384
6384
6386
6386
6388
6389
6389
6391
6395
6397
6398
6399
6399
6399
6400
6401
6401
6402
6403
6407
6407
6408
6410
6411
6412
6412
6413
6413
6413
6414
6415
6416
6418
6419
6419
6421
6422
6425
6425
6428
6428
6429
6430
6431
6433
6433
6434
6434
6434
6434
6435
6435
6437
6439
6441
6441
6441
6444
6444
6444
6445
6445
6447
6448
6448
6448
6449
6453
6454
6455
6456
6457
6458
6460
6462
6463
6465
6466
6467
6467
6467
6468
6468
6470
6470
6470
6471
6472
6472
6473
6477
6478
6480
6480
6480
6480
6482
6484
6484
6486
6486
6488
6488
6488
6490
6490
6490
6492
6493
6496
6496
6497
6498
6499
6502
6503
6505
6505
6507
6508
6508
6509
6510
6510
6513
6513
6513
6514
6515
6515
6517
6517
6519
6521
6524
6524
6524
6525
6526
6526
6527
6528
6528
6528
6531
6532
6532
6533
6533
6533
6534
6534
6534
6534
6534
6536
6538
6540
6542
6543
6546
6547
6547
6548
6549
6550
6550
6551
6552
6552
6553
6553
6556
6556
6557
6557
6559
6560
6560
6561
6561
6562
6564
6566
6569
6569
6571
6571
6572
6572
6574
6575
6576
6576
6576
6577
6577
6577
6578
6579
6579
6579
6580
6581
6582
6583
6584
6586
6587
6589
6589
6591
6592
6593
6593
6594
6597
6597
6597
6598
6599
6599
6599
6600
6600
6601
6602
6602
6605
6605
6606
6606
6607
6607
6608
6608
6609
6609
6609
6611
6611
6612
6613
6617
6617
6617
6617
6618
6619
6620
6623
6624
6625
6629
6630
6631
6631
6631
6632
6632
6633
6634
6638
6639
6640
6640
6641
6642
6642
6643
6643
6643
6643
6644
6646
6648
6648
6649
6653
6653
6653
6654
6655
6658
6658
6659
6660
6661
6662
6663
6663
6663
6665
6665
6665
6665
6666
6666
6667
6669
6669
6669
6672
6672
6676
6677
6677
6679
6680
6680
6681
6681
6684
6685
6685
6686
6688
6688
6688
6690
6690
6690
6691
6692
6692
6692
6693
6694
6695
6697
6698
6698
6700
6700
6704
6708
6709
6712
6712
6713
6713
6715
6715
6716
6717
6719
6719
6720
6721
6722
6722
6723
6724
6724
6725
6725
6726
6727
6727
6730
6732
6732
6732
6734
6734
6735
6735
6735
6740
6740
6741
6742
6744
6746
6747
6747
6749
6749
6750
6750
6751
6752
6753
6753
6753
6755
6758
6758
6758
6759
6759
6762
6762
6765
6767
6769
6771
6772
6772
6773
6775
6775
6776
6776
6777
6778
6778
6779
6782
6783
6784
6788
6789
6792
6792
6793
6793
6794
6795
6795
6796
6796
6797
6797
6800
6800
6801
6805
6806
6806
6806
6807
6808
6808
6808
6808
6808
6812
6812
6816
6816
6818
6818
6818
6818
6821
6823
6824
6825
6825
6827
6828
6830
6833
6835
6836
6838
6838
6839
6840
6842
6842
6843
6844
6844
6845
6846
6847
6847
6849
6849
6849
6851
6852
6853
6853
6854
6855
6856
6858
6859
6860
6860
6862
6863
6863
6863
6864
6865
6866
6867
6868
6870
6871
6872
6873
6874
6874
6874
6875
6877
6877
6877
6877
6879
6879
6880
6881
6882
6883
6886
6887
6888
6888
6888
6889
6890
6893
6895
6896
6896
6897
6898
6898
6899
6900
6900
6901
6903
6904
6909
6910
6911
6911
6912
6914
6915
6915
6916
6916
6918
6918
6920
6920
6922
6922
6923
6924
6924
6925
6927
6928
6936
6936
6936
6936
6937
6937
6939
6939
6940
6940
6941
6942
6945
6949
6951
6951
6953
6954
6956
6957
6957
6957
6957
6957
6959
6960
6961
6961
6962
6962
6963
6964
6964
6966
6968
6969
6971
6973
6973
6975
6976
6977
6977
6979
6979
6980
6984
6984
6985
6986
6986
6987
6988
6988
6988
6988
6989
6990
6991
6992
6993
6994
6996
6997
6998
6999
7003
7003
7004
7004
7005
7006
7010
7010
7011
7011
7011
7012
7012
7013
7013
7016
7017
7017
7018
7019
7020
7021
7021
7022
7022
7024
7024
7026
7026
7026
7027
7027
7027
7028
7028
7031
7031
7031
7033
7033
7034
7034
7035
7036
7037
7038
7038
7038
7040
7040
7041
7042
7043
7043
7045
7045
7046
7047
7049
7049
7049
7049
7050
7051
7051
7052
7052
7055
7056
7061
7061
7063
7064
7064
7064
7066
7069
7069
7071
7072
7073
7073
7073
7074
7074
7074
7077
7077
7079
7080
7082
7083
7084
7087
7087
7087
7087
7088
7090
7091
7091
7091
7092
7099
7099
7100
7100
7100
7101
7103
7104
7104
7107
7107
7107
7109
7110
7111
7113
7115
7115
7117
7117
7121
7121
7123
7123
7123
7123
7124
7125
7126
7126
7127
7128
7130
7131
7132
7133
7134
7135
7138
7139
7140
7141
7142
7142
7143
7143
7144
7144
7145
7146
7148
7149
7149
7150
7155
7156
7156
7157
7160
7162
7163
7165
7165
7165
7165
7166
7166
7166
7167
7167
7168
7169
7170
7172
7173
7176
7177
7177
7179
7179
7180
7180
7181
7181
7183
7186
7187
7187
7188
7192
7194
7194
7195
7195
7195
7196
7196
7196
7197
7198
7199
7199
7200
7200
7204
7205
7205
7206
7206
7208
7208
7210
7211
7211
7211
7212
7215
7215
7216
7216
7217
7217
7217
7219
7220
7221
7223
7224
7226
7226
7227
7228
7228
7230
7231
7232
7233
7234
7234
7234
7234
7235
7235
7237
7238
7238
7238
7238
7238
7238
7238
7238
7240
7241
7243
7246
7248
7248
7249
7251
7252
7254
7255
7258
7258
7260
7260
7261
7261
7262
7264
7265
7265
7266
7266
7268
7268
7268
7268
7270
7271
7274
7274
7276
7276
7278
7279
7280
7281
7282
7283
7287
7289
7291
7292
7293
7296
7298
7299
7300
7300
7301
7304
7308
7310
7310
7311
7312
7312
7312
7317
7319
7320
7320
7321
7321
7322
7322
7322
7323
7324
7324
7326
7327
7329
7329
7330
7331
7332
7334
7334
7337
7341
7341
7343
7345
7345
7345
7350
7351
7352
7352
7353
7353
7354
7356
7357
7359
7360
7360
7361
7361
7362
7362
7363
7365
7366
7366
7368
7369
7370
7371
7372
7372
7373
7374
7375
7377
7378
7379
7379
7381
7383
7384
7387
7387
7388
7388
7389
7390
7391
7392
7394
7396
7397
7398
7398
7399
7400
7400
7400
7401
7402
7404
7404
7406
7408
7409
7410
7410
7412
7413
7414
7415
7416
7418
7419
7419
7420
7420
7420
7421
7421
7421
7422
7423
7423
7424
7427
7428
7428
7430
7432
7433
7435
7435
7435
7435
7436
7437
7437
7438
7438
7439
7439
7442
7443
7443
7443
7443
7444
7446
7447
7448
7448
7448
7449
7449
7449
7449
7450
7453
7455
7456
7457
7457
7458
7460
7461
7462
7462
7464
7464
7464
7465
7465
7466
7467
7468
7468
7469
7470
7471
7472
7472
7472
7475
7476
7478
7479
7482
7483
7483
7484
7485
7487
7487
7487
7488
7488
7489
7489
7489
7489
7490
7490
7491
7491
7493
7495
7496
7496
7497
7498
7499
7500
7502
7502
7504
7504
7504
7505
7506
7507
7508
7508
7508
7508
7508
7509
7510
7514
7514
7516
7517
7518
7518
7520
7522
7523
7525
7526
7527
7531
7531
7532
7534
7538
7538
7539
7539
7539
7540
7541
7542
7543
7543
7545
7545
7548
7549
7554
7555
7555
7556
7557
7557
7559
7559
7560
7561
7562
7562
7563
7567
7569
7569
7570
7570
7570
7571
7572
7572
7574
7574
7575
7575
7576
7577
7578
7579
7580
7580
7581
7582
7583
7586
7589
7591
7592
7592
7593
7594
7594
7595
7595
7595
7596
7596
7596
7597
7598
7600
7600
7602
7602
7602
7603
7603
7605
7608
7609
7609
7610
7612
7612
7613
7613
7614
7614
7616
7616
7616
7623
7624
7625
7626
7629
7630
7631
7633
7634
7636
7639
7643
7643
7644
7647
7647
7652
7652
7655
7656
7656
7657
7657
7659
7664
7664
7665
7666
7667
7667
7667
7670
7673
7673
7673
7674
7675
7676
7676
7677
7680
7682
7683
7684
7686
7687
7688
7692
7694
7694
7695
7695
7696
7696
7697
7698
7698
7698
7700
7700
7702
7703
7706
7707
7707
7707
7708
7710
7710
7710
7712
7712
7712
7717
7721
7723
7723
7723
7723
7724
7725
7725
7726
7727
7727
7728
7729
7732
7733
7733
7733
7736
7736
7736
7737
7738
7738
7738
7738
7739
7740
7740
7741
7742
7743
7745
7745
7746
7747
7749
7749
7752
7752
7753
7754
7755
7755
7756
7756
7756
7756
7758
7758
7759
7759
7760
7760
7762
7762
7764
7765
7765
7767
7769
7771
7771
7772
7774
7774
7775
7776
7776
7777
7777
7777
7778
7780
7782
7782
7782
7786
7788
7788
7791
7791
7792
7793
7794
7794
7794
7794
7795
7795
7796
7797
7801
7802
7804
7806
7807
7807
7808
7808
7810
7811
7813
7813
7814
7815
7816
7817
7817
7817
7818
7818
7819
7821
7821
7824
7825
7825
7825
7827
7827
7827
7828
7829
7830
7830
7831
7831
7832
7833
7833
7833
7835
7836
7836
7837
7837
7838
7838
7839
7840
7840
7841
7847
7847
7847
7848
7849
7849
7849
7850
7851
7852
7854
7855
7857
7857
7858
7858
7859
7861
7861
7863
7866
7866
7868
7869
7870
7870
7871
7872
7874
7875
7875
7875
7876
7876
7878
7880
7881
7881
7884
7884
7888
7888
7889
7890
7890
7891
7892
7893
7893
7893
7893
7895
7897
7898
7898
7900
7901
7903
7905
7907
7907
7907
7909
7912
7913
7913
7915
7916
7917
7917
7919
7921
7922
7922
7922
7923
7924
7925
7926
7926
7927
7932
7933
7933
7934
7934
7934
7935
7936
7938
7939
7941
7941
7943
7943
7944
7944
7944
7945
7946
7947
7949
7951
7951
7952
7952
7953
7954
7954
7956
7956
7957
7957
7957
7958
7958
7959
7960
7961
7963
7963
7964
7967
7969
7970
7972
7972
7972
7973
7976
7976
7978
7991
7991
7992
7992
7994
7995
7995
7997
7998
7998
7999
8000
8000
8001
8003
8004
8005
8008
8008
8008
8009
8009
8011
8011
8013
8013
8013
8014
8015
8015
8018
8018
8020
8022
8026
8026
8026
8027
8027
8028
8029
8029
8030
8031
8032
8032
8034
8036
8038
8038
8040
8041
8043
8046
8046
8046
8047
8049
8050
8051
8051
8051
8052
8052
8054
8054
8055
8055
8057
8057
8060
8060
8061
8061
8062
8063
8063
8064
8068
8069
8069
8071
8071
8073
8074
8076
8076
8077
8077
8077
8078
8078
8083
8084
8084
8086
8087
8087
8089
8089
8090
8091
8092
8094
8096
8097
8097
8098
8100
8103
8104
8104
8105
8105
8106
8107
8108
8109
8109
8111
8112
8113
8115
8115
8117
8117
8117
8118
8118
8119
8119
8119
8120
8120
8121
8124
8125
8127
8127
8127
8129
8130
8131
8131
8132
8133
8133
8134
8134
8135
8136
8136
8141
8141
8141
8142
8144
8144
8145
8145
8146
8148
8148
8148
8150
8150
8150
8151
8151
8152
8152
8153
8153
8155
8156
8156
8157
8157
8157
8159
8159
8160
8162
8163
8164
8165
8165
8168
8169
8171
8171
8172
8172
8174
8174
8175
8175
8176
8177
8177
8177
8177
8178
8178
8181
8181
8182
8183
8183
8186
8187
8187
8189
8191
8193
8197
8198
8199
8199
8200
8201
8203
8207
8207
8209
8210
8210
8211
8211
8211
8211
8211
8212
8212
8212
8213
8214
8216
8216
8218
8219
8219
8222
8225
8226
8226
8227
8230
8232
8233
8235
8236
8237
8237
8237
8240
8241
8241
8241
8242
8243
8244
8244
8244
8245
8245
8245
8247
8248
8248
8250
8251
8252
8253
8253
8253
8254
8255
8255
8255
8255
8256
8257
8258
8259
8261
8262
8262
8263
8263
8264
8265
8266
8266
8267
8267
8268
8268
8270
8270
8272
8272
8273
8273
8273
8274
8274
8275
8276
8276
8277
8278
8281
8281
8281
8281
8281
8282
8283
8283
8284
8284
8285
8285
8285
8286
8286
8287
8289
8289
8290
8293
8293
8294
8295
8296
8298
8299
8299
8300
8301
8302
8304
8304
8308
8309
8309
8310
8311
8311
8312
8314
8314
8315
8315
8317
8318
8320
8321
8322
8323
8323
8323
8326
8326
8332
8332
8332
8333
8333
8337
8337
8338
8338
8338
8339
8339
8339
8340
8344
8345
8345
8348
8349
8350
8350
8352
8355
8356
8357
8357
8357
8358
8358
8359
8361
8363
8363
8364
8366
8366
8367
8368
8371
8371
8371
8372
8373
8374
8376
8377
8377
8378
8378
8379
8380
8383
8386
8388
8389
8390
8390
8390
8391
8391
8392
8392
8392
8393
8394
8397
8397
8399
8399
8401
8406
8407
8407
8407
8407
8410
8412
8413
8414
8415
8415
8415
8416
8416
8417
8417
8418
8422
8423
8424
8425
8428
8428
8430
8432
8433
8433
8434
8435
8435
8435
8439
8440
8441
8441
8442
8443
8443
8445
8445
8445
8446
8448
8449
8449
8450
8452
8452
8454
8454
8454
8455
8456
8457
8459
8459
8461
8462
8463
8463
8465
8465
8469
8469
8472
8472
8473
8475
8476
8477
8477
8478
8478
8479
8479
8479
8480
8481
8484
8486
8486
8487
8488
8489
8490
8491
8491
8492
8493
8493
8494
8496
8497
8498
8498
8499
8500
8500
8500
8502
8504
8506
8508
8510
8510
8511
8511
8511
8512
8512
8513
8514
8514
8515
8515
8516
8516
8516
8517
8517
8520
8521
8525
8526
8528
8530
8531
8533
8533
8534
8535
8536
8536
8539
8540
8540
8541
8542
8544
8546
8547
8548
8549
8549
8549
8549
8551
8553
8555
8555
8555
8556
8556
8556
8558
8559
8559
8560
8561
8567
8568
8568
8570
8572
8575
8576
8577
8578
8579
8581
8581
8584
8585
8586
8589
8589
8590
8592
8592
8594
8595
8598
8598
8600
8600
8601
8601
8601
8602
8603
8603
8605
8606
8606
8607
8607
8609
8611
8612
8612
8613
8615
8615
8616
8616
8617
8618
8619
8619
8619
8620
8620
8620
8621
8622
8623
8623
8624
8624
8627
8631
8631
8631
8632
8633
8634
8634
8635
8635
8637
8638
8638
8638
8639
8642
8642
8643
8644
8644
8645
8645
8649
8650
8651
8653
8653
8656
8657
8658
8659
8659
8659
8660
8660
8660
8660
8661
8661
8662
8662
8663
8664
8664
8665
8666
8666
8668
8668
8670
8670
8674
8674
8675
8677
8677
8677
8677
8678
8678
8681
8682
8682
8683
8683
8683
8685
8686
8687
8688
8688
8689
8696
8697
8697
8697
8699
8700
8701
8701
8701
8703
8703
8704
8704
8705
8705
8705
8706
8707
8707
8711
8715
8717
8717
8719
8720
8720
8722
8723
8728
8728
8729
8730
8730
8732
8732
8733
8734
8736
8738
8738
8738
8738
8741
8742
8744
8744
8749
8749
8750
8752
8752
8753
8753
8757
8758
8758
8759
8759
8760
8761
8762
8762
8764
8768
8768
8769
8769
8769
8770
8771
8772
8772
8776
8778
8779
8779
8779
8780
8785
8786
8787
8789
8791
8793
8796
8799
8799
8800
8800
8801
8802
8805
8805
8805
8807
8807
8809
8810
8811
8812
8812
8812
8813
8815
8815
8816
8816
8816
8816
8818
8821
8822
8823
8824
8831
8831
8834
8835
8838
8838
8838
8839
8840
8842
8843
8845
8848
8849
8850
8851
8851
8853
8855
8856
8858
8861
8861
8863
8866
8868
8869
8869
8870
8871
8871
8872
8872
8874
8875
8877
8879
8879
8880
8881
8882
8884
8887
8887
8888
8889
8889
8890
8890
8892
8895
8896
8896
8896
8900
8901
8901
8902
8903
8904
8904
8906
8907
8909
8910
8910
8911
8911
8911
8911
8912
8914
8917
8918
8921
8921
8921
8922
8922
8924
8924
8925
8926
8927
8927
8928
8928
8929
8929
8930
8931
8932
8933
8934
8936
8938
8938
8940
8941
8941
8944
8948
8950
8952
8952
8954
8955
8955
8955
8956
8956
8956
8956
8958
8958
8959
8959
8962
8963
8964
8965
8968
8969
8971
8974
8974
8974
8976
8978
8978
8979
8979
8979
8979
8980
8982
8982
8983
8984
8985
8985
8986
8987
8987
8988
8988
8989
8990
8991
8991
8991
8992
8997
8997
8997
8998
8998
8998
8999
9001
9002
9004
9006
9011
9012
9013
9015
9016
9017
9018
9019
9021
9022
9023
9024
9024
9024
9025
9025
9027
9029
9030
9030
9032
9033
9033
9034
9037
9037
9037
9037
9038
9038
9039
9040
9040
9041
9041
9041
9042
9042
9043
9046
9047
9050
9051
9051
9052
9053
9054
9055
9055
9055
9058
9059
9060
9060
9062
9063
9064
9064
9064
9066
9067
9068
9069
9069
9070
9071
9072
9073
9073
9075
9075
9077
9077
9077
9077
9078
9079
9081
9082
9083
9083
9084
9084
9085
9086
9087
9088
9090
9090
9092
9092
9093
9093
9093
9094
9094
9095
9095
9096
9097
9098
9099
9099
9099
9099
9100
9102
9104
9104
9104
9107
9108
9109
9109
9112
9112
9112
9114
9114
9114
9115
9117
9118
9118
9118
9119
9121
9121
9122
9122
9123
9123
9125
9125
9126
9126
9127
9129
9131
9131
9132
9133
9134
9136
9137
9137
9137
9139
9140
9140
9141
9141
9144
9145
9145
9147
9149
9149
9153
9153
9154
9154
9155
9157
9159
9159
9162
9163
9164
9164
9164
9165
9167
9168
9168
9168
9168
9172
9173
9173
9173
9174
9174
9174
9175
9175
9176
9177
9178
9179
9180
9180
9181
9181
9182
9182
9182
9183
9183
9183
9184
9185
9186
9187
9188
9189
9191
9192
9192
9195
9196
9197
9197
9201
9201
9201
9203
9203
9208
9208
9209
9210
9211
9213
9214
9215
9216
9216
9217
9217
9218
9219
9220
9220
9224
9226
9226
9226
9230
9232
9234
9235
9235
9236
9236
9238
9239
9240
9240
9243
9244
9244
9246
9247
9248
9248
9248
9249
9251
9252
9252
9254
9254
9254
9255
9256
9257
9257
9257
9264
9264
9264
9266
9268
9269
9269
9270
9270
9272
9273
9274
9275
9276
9276
9279
9280
9280
9281
9281
9282
9284
9285
9285
9286
9286
9286
9287
9287
9288
9288
9289
9290
9292
9292
9293
9293
9295
9296
9298
9298
9301
9303
9303
9303
9304
9305
9306
9306
9307
9308
9308
9309
9309
9310
9314
9317
9317
9318
9321
9323
9323
9323
9324
9324
9325
9328
9330
9332
9333
9333
9333
9337
9338
9339
9340
9340
9341
9343
9346
9346
9349
9350
9350
9351
9353
9353
9354
9356
9356
9359
9360
9360
9360
9364
9364
9364
9365
9366
9366
9367
9367
9368
9368
9368
9369
9371
9371
9372
9372
9374
9374
9375
9377
9377
9378
9378
9380
9380
9381
9382
9384
9384
9384
9385
9388
9389
9391
9391
9392
9393
9393
9395
9395
9396
9396
9396
9397
9397
9397
9398
9399
9401
9402
9403
9404
9405
9406
9407
9407
9408
9409
9410
9410
9411
9412
9412
9412
9412
9414
9414
9416
9417
9418
9418
9421
9422
9422
9422
9423
9423
9424
9426
9426
9426
9426
9427
9427
9428
9429
9430
9431
9431
9432
9433
9433
9438
9438
9439
9439
9440
9443
9443
9444
9446
9447
9447
9447
9447
9448
9448
9448
9449
9449
9449
9450
9450
9451
9451
9451
9452
9452
9453
9454
9455
9456
9456
9457
9458
9459
9459
9461
9462
9463
9464
9464
9466
9468
9469
9471
9472
9472
9473
9478
9480
9481
9481
9481
9482
9482
9483
9483
9486
9486
9487
9487
9487
9489
9493
9494
9494
9495
9496
9496
9497
9497
9498
9501
9502
9504
9505
9505
9506
9506
9507
9507
9507
9508
9509
9511
9512
9513
9513
9514
9514
9515
9515
9516
9517
9519
9519
9519
9519
9519
9519
9520
9521
9521
9522
9526
9526
9526
9526
9527
9527
9528
9528
9529
9529
9529
9529
9530
9531
9531
9534
9534
9537
9537
9537
9538
9540
9540
9541
9541
9545
9545
9548
9548
9551
9551
9554
9554
9554
9554
9554
9554
9555
9556
9556
9558
9558
9559
9561
9562
9562
9564
9564
9565
9565
9567
9568
9568
9570
9572
9573
9574
9574
9575
9579
9580
9580
9583
9584
9584
9586
9587
9587
9588
9590
9591
9592
9592
9592
9593
9594
9594
9596
9596
9597
9597
9598
9598
9599
9600
9601
9602
9602
9603
9604
9607
9608
9609
9609
9610
9612
9612
9614
9615
9617
9618
9618
9619
9619
9620
9621
9622
9623
9623
9627
9628
9628
9630
9632
9632
9633
9634
9635
9642
9642
9642
9643
9644
9644
9644
9645
9645
9645
9645
9647
9648
9650
9651
9651
9651
9652
9652
9652
9653
9653
9654
9655
9656
9658
9658
9658
9659
9661
9662
9666
9669
9669
9670
9671
9671
9673
9673
9675
9675
9676
9677
9679
9679
9679
9682
9683
9683
9683
9685
9686
9686
9688
9688
9689
9689
9691
9691
9691
9693
9693
9693
9694
9695
9696
9697
9697
9697
9698
9699
9699
9700
9701
9704
9706
9707
9708
9708
9710
9711
9712
9712
9714
9714
9714
9716
9717
9718
9719
9719
9720
9720
9721
9721
9721
9724
9724
9726
9727
9728
9728
9729
9730
9731
9732
9733
9737
9737
9738
9738
9740
9741
9741
9742
9744
9746
9746
9750
9751
9751
9753
9753
9754
9754
9754
9754
9755
9755
9756
9756
9757
9757
9759
9759
9759
9759
9759
9759
9760
9761
9761
9762
9764
9765
9766
9768
9768
9769
9770
9771
9771
9772
9772
9772
9774
9774
9774
9774
9774
9782
9782
9782
9784
9786
9787
9787
9789
9790
9793
9794
9795
9799
9799
9801
9803
9804
9805
9806
9806
9807
9808
9810
9811
9812
9814
9816
9818
9818
9821
9821
9823
9824
9825
9829
9830
9831
9831
9831
9833
9833
9833
9835
9835
9836
9839
9840
9840
9842
9842
9845
9845
9845
9846
9847
9848
9850
9854
9856
9859
9860
9861
9861
9861
9862
9862
9863
9863
9863
9865
9865
9869
9871
9871
9873
9874
9876
9876
9877
9878
9878
9879
9881
9881
9882
9882
9882
9882
9885
9885
9886
9886
9887
9887
9888
9888
9890
9892
9892
9895
9897
9900
9901
9902
9902
9904
9906
9907
9908
9910
9910
9910
9913
9913
9914
9914
9918
9919
9924
9924
9929
9930
9931
9932
9933
9933
9936
9936
9936
9937
9938
9939
9940
9943
9945
9946
9949
9949
9949
9951
9952
9953
9953
9956
9957
9957
9958
9958
9959
9960
9960
9962
9962
9965
9965
9965
9966
9970
9970
9973
9975
9975
9976
9976
9976
9977
9978
9979
9980
9980
9981
9983
9983
9986
9986
9986
9987
9988
9989
9989
9992
9992
9994
9994
9996
9996
9996
9997
9997
9998
