1000
1
1
4
5
6
7
8
9
9
10
11
12
13
13
14
16
20
20
20
21
21
21
23
26
26
27
27
28
28
29
30
30
31
33
37
38
39
40
41
42
43
45
46
46
47
47
48
48
49
49
51
53
53
53
54
55
55
57
58
58
59
59
61
61
67
68
69
69
70
72
72
75
75
76
83
84
84
85
85
85
88
88
89
89
90
91
92
92
92
94
96
96
98
100
100
100
101
101
102
102
102
105
106
106
108
109
112
113
114
114
114
115
115
116
118
120
122
124
126
126
127
128
129
132
133
133
135
136
137
138
145
146
146
147
147
149
149
150
151
151
151
152
154
154
155
157
158
158
159
159
159
160
161
161
161
166
166
167
167
167
168
170
170
170
171
171
172
172
172
172
173
173
176
176
177
180
180
181
181
182
182
183
183
183
183
183
184
185
185
187
187
187
188
188
189
189
189
190
192
192
192
193
193
193
194
199
199
201
201
202
203
203
204
204
206
207
208
208
209
210
210
210
210
210
211
215
216
216
216
216
219
220
220
222
222
223
225
226
226
228
229
230
233
234
237
239
240
240
243
243
243
245
245
248
251
252
252
252
252
252
255
255
258
258
260
261
262
263
266
266
268
269
269
269
270
270
270
270
270
272
273
274
277
279
281
283
284
284
284
285
286
288
288
289
289
290
291
292
292
294
294
294
294
294
295
296
296
298
299
300
302
303
303
303
304
307
307
307
308
308
310
311
314
316
319
320
322
323
323
324
324
326
326
327
328
329
332
333
334
336
337
342
342
343
345
348
349
351
352
352
353
354
354
356
356
357
357
358
359
359
359
360
365
368
368
368
369
369
370
370
370
370
371
373
374
375
375
376
377
381
381
381
384
384
384
386
386
387
388
388
389
389
391
393
394
396
399
399
400
401
401
403
404
404
406
406
407
408
408
412
415
415
416
417
421
421
422
422
423
424
425
425
425
425
427
427
428
428
429
430
430
437
438
440
441
442
444
445
445
446
446
446
447
448
449
451
451
452
452
453
456
456
458
459
465
465
466
466
467
469
469
469
472
473
473
475
475
476
476
476
477
480
481
483
483
483
485
487
487
489
489
490
490
491
493
493
495
497
497
498
499
502
502
502
503
506
506
510
510
510
511
512
513
513
515
515
515
519
521
523
524
525
526
528
529
531
531
532
535
538
539
539
539
540
541
541
541
541
543
544
545
546
546
547
548
548
550
552
553
554
555
557
558
560
561
562
563
564
565
566
568
568
569
572
572
575
576
576
577
577
577
577
578
578
580
580
581
582
582
583
583
583
586
586
586
587
588
588
588
592
592
593
594
594
595
595
597
597
598
598
598
599
599
600
602
604
605
606
606
606
607
608
608
609
610
610
612
612
613
613
615
618
619
620
621
622
623
624
624
624
624
625
625
626
627
629
630
631
632
635
638
638
638
639
640
641
642
644
645
646
647
648
650
651
652
654
655
655
655
655
656
656
657
658
659
659
661
662
663
664
665
665
670
670
671
671
671
672
672
674
674
675
676
676
679
681
681
682
683
683
686
689
689
689
690
690
692
693
694
694
694
695
697
698
698
699
700
703
704
704
706
706
708
708
709
709
710
712
713
713
713
714
714
715
718
718
719
722
723
723
724
724
725
727
729
729
730
733
733
734
734
734
736
737
737
737
738
740
742
743
743
743
744
744
745
746
747
748
748
750
750
752
753
754
756
757
758
759
760
761
762
764
764
766
767
768
768
768
769
769
769
771
771
772
772
774
775
777
777
778
778
779
782
782
782
782
783
784
784
785
787
788
789
789
789
790
792
792
794
794
796
796
796
796
799
800
801
802
802
802
802
806
807
808
809
811
813
813
815
815
815
820
821
821
822
822
824
827
828
828
829
830
830
830
830
830
832
832
834
836
838
840
840
840
841
841
842
844
844
845
847
847
848
848
849
850
851
851
852
852
853
853
854
855
855
856
856
857
858
858
858
862
864
864
865
867
867
868
869
869
872
872
872
877
878
879
879
880
882
882
884
884
889
889
890
890
891
892
893
894
897
899
901
902
904
904
908
909
912
914
915
917
918
918
918
919
920
921
921
921
922
924
926
927
928
928
931
932
933
934
935
935
938
939
939
940
940
942
943
945
946
949
951
953
953
954
954
957
958
959
959
959
959
960
960
961
964
965
966
966
968
969
969
970
970
972
973
976
976
976
978
978
979
981
981
982
982
983
983
984
986
987
987
988
988
990
990
991
992
992
993
994
994
995
995
996
996
997
999
999
