1000
18
636
323
438
86
174
398
915
526
349
916
444
118
431
952
814
726
671
237
69
460
746
882
345
585
647
221
426
121
528
924
201
972
122
966
236
458
13
368
614
707
776
204
521
683
372
340
136
229
611
468
422
95
245
221
989
203
47
6
60
229
848
13
80
680
537
508
469
756
761
510
153
714
378
576
981
488
788
228
161
127
235
641
827
465
119
223
516
713
8
150
719
891
324
790
590
34
31
592
707
752
22
164
569
768
136
196
476
663
641
118
731
969
604
471
912
328
748
234
210
112
47
415
400
237
839
553
401
814
375
56
668
331
767
877
377
800
164
796
851
886
695
107
539
751
632
193
226
280
239
746
450
299
158
959
346
905
278
818
676
135
221
935
500
216
977
909
311
968
956
36
422
432
124
481
645
693
157
293
44
643
541
180
506
575
627
313
657
331
365
974
922
306
829
424
926
955
320
938
262
306
851
456
911
57
266
892
653
687
14
686
963
823
153
627
853
97
17
464
666
429
327
816
73
675
964
393
198
264
767
53
553
723
125
549
124
878
421
999
903
296
327
368
306
519
744
196
198
451
412
562
944
317
393
733
715
886
612
917
609
516
843
613
646
151
422
253
217
666
795
359
855
77
108
54
374
111
902
539
627
713
545
178
600
750
871
473
261
422
283
240
978
178
216
843
407
850
395
37
593
201
117
879
137
506
305
806
633
964
255
163
150
401
762
843
389
788
652
615
620
25
364
54
422
326
273
670
817
687
94
753
808
632
890
468
360
931
867
179
570
489
374
280
380
717
533
91
820
364
5
35
562
929
355
443
968
181
283
687
649
699
757
853
267
650
188
897
26
667
124
657
122
18
936
199
609
994
549
709
719
761
494
794
20
35
276
259
692
770
594
485
817
274
267
718
589
267
32
859
545
824
914
484
727
716
480
788
953
132
254
725
501
15
18
944
598
490
892
106
999
81
473
946
62
136
436
470
698
463
490
645
171
28
368
312
653
482
667
834
256
527
436
383
887
283
262
704
363
260
109
756
996
286
877
938
948
840
612
795
175
731
581
852
578
179
666
433
991
784
189
590
226
534
75
550
284
352
686
799
393
923
549
173
680
638
562
58
710
312
735
927
271
138
158
932
411
995
348
403
481
946
417
155
755
702
423
584
365
138
685
272
355
180
287
673
30
252
587
757
498
466
442
959
655
696
104
600
130
742
67
898
400
421
820
286
878
19
581
808
200
549
944
704
548
51
359
692
674
324
237
400
219
355
967
488
298
841
105
500
171
658
177
738
631
404
762
858
33
929
304
210
0
574
362
666
818
835
201
226
705
603
851
127
836
990
916
628
261
626
619
21
2
201
68
71
506
731
607
940
783
67
716
402
458
87
416
467
735
714
497
399
358
868
835
461
571
321
420
505
915
558
946
15
955
807
695
910
662
990
78
631
307
471
85
684
841
943
38
950
304
754
316
591
494
667
294
615
250
310
51
33
656
970
35
133
898
962
598
825
479
634
459
568
714
95
79
597
898
903
856
416
233
264
892
750
164
892
323
56
102
466
350
250
761
624
82
548
570
580
845
109
887
882
700
618
240
568
862
759
408
549
265
60
726
199
407
209
52
76
20
252
867
401
287
807
81
206
579
751
929
658
568
630
653
219
411
114
793
437
839
439
599
988
846
127
547
565
872
34
411
174
750
33
589
614
940
955
293
47
41
387
393
472
428
913
18
863
828
332
441
468
772
337
100
760
442
285
548
628
843
590
332
422
380
936
728
663
375
884
112
976
56
403
159
858
259
856
644
412
853
227
668
727
611
225
514
606
826
713
229
313
244
578
292
217
108
16
656
958
62
117
286
923
86
52
712
43
115
328
502
637
160
643
94
667
95
211
942
793
362
63
946
816
536
40
198
290
783
386
473
304
124
154
388
542
805
449
694
688
615
158
893
159
97
833
963
404
196
100
251
589
861
428
262
453
121
685
7
685
660
525
447
952
653
766
437
877
90
631
334
53
619
940
996
924
782
873
687
173
271
246
109
886
721
588
711
323
861
342
193
142
581
19
589
804
814
295
790
746
488
873
340
966
988
895
488
267
553
206
805
916
522
694
121
265
839
26
63
615
471
669
331
42
463
8
449
182
761
248
578
947
908
212
587
455
828
892
932
709
518
493
411
811
883
753
258
561
950
539
995
909
731
952
38
828
757
785
277
939
60
253
341
51
458
875
521
699
17
813
588
55
403
417
691
703
964
609
509
522
768
298
392
233
525
257
632
920
796
377
990
