10000
3338
1295
2573
9219
7271
1677
6455
2383
6656
4593
3449
7122
4640
5355
3971
426
7744
6327
935
2491
9098
4972
8740
3480
255
5182
8106
1841
3844
6113
8461
8745
8166
9595
4708
7346
174
3395
1968
6471
9696
9868
7194
6534
3853
2152
1749
7881
2617
7419
2819
4048
1655
7518
2836
1036
2192
8859
7864
1034
1650
2076
3830
8554
4565
9147
8485
8395
6185
7349
9111
8900
955
4928
406
6514
5030
5541
1463
2825
3606
7644
6459
9673
8296
1284
8771
5615
3006
3323
1556
100
6783
3840
8016
7206
4554
5826
868
1953
2874
1524
8881
1658
9093
3057
7057
1672
9647
8358
8555
7407
3837
3296
4290
2362
4851
3730
8551
1684
5614
3602
5919
1188
9485
3969
224
3539
3962
9590
1925
6538
5463
9111
8784
5165
9204
1875
7455
7422
6876
1790
3351
1823
7455
8057
637
5656
7355
9613
1828
817
2755
6052
1856
8268
9106
6629
8665
2243
1896
8922
6667
1897
6755
2591
2794
9776
8057
2233
2499
9094
2818
5281
3278
8380
2258
1740
4416
1030
4820
3656
4476
8200
4946
6661
5385
8162
2064
6589
1023
9754
3737
321
8539
6195
3730
3346
2370
2567
4682
3209
1267
3094
9139
163
7844
955
4986
509
4270
8375
9697
8008
3877
9805
207
7176
2847
3689
8509
4767
7767
2670
9601
7361
5433
3418
8279
2355
7677
7704
7403
6645
225
1217
3076
7898
3038
2352
6522
8528
797
8689
7048
3344
7058
8517
2796
883
6758
9013
2060
7390
2963
1457
1859
5852
745
6612
2840
2631
8110
3845
6207
4147
3073
5116
5209
3927
2255
7998
4487
7449
1199
4184
332
4628
7176
9284
208
9848
2386
3467
7296
5343
4425
4935
4483
1287
9790
1459
168
8289
313
6898
8747
3621
9385
1225
3878
608
4635
378
3844
2731
1849
3438
5089
6057
3929
6750
4573
2637
2151
141
1279
789
285
9237
3206
5911
9502
9213
715
8998
7266
9941
5442
33
9403
5966
9264
2104
2759
9672
3014
3340
5166
6680
8299
2418
5963
9206
440
7140
4392
385
5516
2084
2322
1055
7504
1838
7947
5381
6037
2825
3918
9296
2681
5833
4941
4797
5993
7540
2342
2427
7184
3678
2644
2459
6574
6932
1538
5969
8036
4002
9146
9418
5611
7041
7483
1721
6228
5569
3482
592
4266
5406
367
4135
8771
882
896
9916
4342
4231
2108
4680
9831
8903
2061
3626
2734
6450
4144
9186
2773
2331
8161
8668
4064
9760
2511
5702
4934
8548
1022
9920
4318
7514
652
7775
1637
5824
7467
8158
8332
118
1197
4866
6846
3417
9086
5401
2975
3953
8155
4606
6592
8707
160
4763
8990
3107
399
3451
4156
5466
781
3450
8645
6240
8950
1548
1027
7655
6625
8359
5933
4387
3918
2127
4410
8153
363
9356
9845
4883
8342
7593
8377
9422
4941
5243
1403
2192
2673
3260
9495
9561
8457
9891
9187
9045
6115
8482
2592
6859
8341
9868
1582
6485
4866
9809
1231
4684
984
7591
4740
2543
6981
1878
675
7904
9882
2688
8410
8763
1736
3820
7949
2004
2615
9534
108
604
1734
9684
3648
2271
5676
6047
9172
8717
4093
9900
9936
5412
2504
5406
1744
2726
8221
2490
1843
9836
5420
2863
4031
2135
792
5792
5234
3694
8923
2159
9956
7929
1923
6759
7160
5625
1370
3398
5329
3602
7107
4421
257
6950
4400
9830
8285
255
5569
601
3676
2520
9159
6811
6062
4696
2086
8667
2986
5741
6040
6986
8031
4641
8191
7055
6588
3003
6947
7428
6955
9397
1401
448
4887
5925
3492
6514
7951
4619
6773
6198
2579
1110
1774
9544
4075
8403
3525
6514
7783
5987
2148
3923
7473
1751
141
3055
7071
2203
8858
6157
7156
8492
5922
337
2534
1623
4792
726
2954
4944
2510
791
7979
4508
1559
2810
2522
2331
9161
6441
1120
7877
2993
511
542
9360
7489
3660
7477
8075
660
1061
7202
2218
1666
987
1073
4703
7743
5766
7810
4881
5294
765
8057
1772
628
2565
3343
5685
759
7700
2823
2535
7060
160
8043
1215
1327
3385
2435
7296
7765
2128
5239
1220
2382
195
6013
5457
1999
9126
780
8579
1387
7007
833
4539
1785
5117
4366
5508
1457
5270
5552
2365
5777
8796
1882
2072
1996
2380
6173
7471
929
8595
3609
6845
6521
9212
2573
848
4938
9722
5706
4009
8201
7999
4326
7261
2332
3383
988
796
5805
3268
8160
1515
2731
86
5296
3328
7147
6246
1750
3082
427
1776
2923
8906
2007
4283
2390
9329
8853
6519
673
7240
234
6481
4908
5206
1360
9109
7291
9426
3903
945
7418
3269
7927
7314
8097
1450
3584
3982
5747
3766
6393
2893
5680
1758
9421
5332
2763
1737
3267
2687
709
3251
9700
6763
136
5818
9400
2509
9376
4313
2729
9458
7667
7951
1049
68
8642
1979
1184
9366
8343
6854
9709
2861
8542
9581
4477
4443
7825
3482
9882
3992
2715
2158
7306
6527
1534
5949
5209
6914
3791
3206
6993
1227
5183
1405
5173
3105
821
5382
9773
3987
6151
3056
2716
9780
1304
4444
1629
1491
5083
1065
6172
9061
6325
5630
4209
7537
5633
3395
1255
840
1693
8652
5530
64
4241
9394
3135
971
6960
8480
6077
7496
9494
3703
6953
8518
8178
5326
2369
3344
2814
8122
6206
106
6057
8838
7772
6247
3893
8895
7285
5076
812
7951
9673
6596
4941
8116
7178
7512
1957
3259
6452
8554
3385
6670
5994
1511
7664
1816
4651
3736
8365
1201
6468
8491
7497
3291
6607
4243
8303
8663
6248
1768
3281
4228
3776
4459
153
3333
187
2891
1577
8430
7925
3821
4708
3739
5441
6252
2837
7005
3505
8461
5549
6834
9713
8733
5851
6272
4958
2121
9379
4797
8165
3946
6545
190
7589
9083
8806
9146
6678
2792
225
5658
2195
469
4986
1216
3427
1288
3879
5873
8038
5972
2001
7521
5851
5586
5697
1161
7182
7918
7140
4343
6477
684
254
2066
1724
9126
890
7399
7135
7971
31
6790
6181
3093
2063
6595
1924
6078
2905
5577
2463
9520
1854
9009
3428
5104
7569
1531
6161
6134
967
4343
6951
5412
1661
5411
9559
8497
1625
2945
6697
8560
4969
8451
8220
3202
6424
4822
8552
3140
8207
7704
8110
5638
4040
6360
4497
8650
5053
5305
3710
4021
6767
1202
7974
7157
1587
7317
8476
8447
6390
490
9898
3316
5330
2103
4478
5807
4664
5070
4610
5806
9037
6899
4745
8762
370
5080
2917
2772
3051
7160
1126
7646
5041
6732
7997
5876
642
621
2238
8485
8486
951
8804
2802
9933
661
6414
7777
9364
9007
2791
6382
9799
4157
2180
7599
64
3751
7798
6626
4797
3819
8223
3334
6128
6745
1809
3427
8736
7214
9874
5351
7644
1147
4508
1981
5184
1506
5872
4108
704
6861
2875
7353
1137
5675
9169
6698
2423
3479
3078
5129
169
9350
3324
2529
4593
6461
1926
3095
367
1469
5706
5528
1373
3132
261
7563
6190
4993
5577
6899
3535
3100
9810
5556
1375
831
6390
5295
3931
9789
490
8843
738
6062
4561
4738
4439
3740
7999
293
5909
7357
3180
5693
9757
1325
7013
415
394
6775
3724
5899
9846
9087
719
6690
4725
6672
1158
1361
4575
1341
4070
5950
6236
9046
259
4030
7927
8313
4994
7344
5029
2978
780
6826
3087
3745
5054
6254
442
4679
2221
8104
4920
1580
1591
7527
1863
7871
3525
6453
5768
3787
4397
4597
474
7267
9668
7944
1701
2490
4785
7436
562
8785
7148
4370
2135
8478
6309
9514
2257
8453
7009
6221
5114
7382
1950
1847
7146
3202
6008
9535
4777
2347
2629
2740
434
4648
5626
1029
7332
5970
1121
9133
9250
6733
1010
6522
7482
2342
9214
6569
8835
4070
1338
655
6751
9376
1912
4198
4544
8429
9970
6066
3591
1281
608
2015
343
6761
5673
7145
120
3076
3413
8296
6440
1499
8529
582
4315
1150
5868
1997
1827
5485
1950
6834
4748
3999
1817
8328
9406
3811
1303
9715
4981
3841
2531
42
5277
5755
2388
6264
2310
5989
8483
431
9415
6142
8173
6361
3455
9466
6372
8796
8967
958
6321
4169
468
4680
6948
3314
8808
6280
1692
2982
1368
5598
929
6762
1512
2641
3951
6517
1858
7561
2893
2344
3061
1595
3963
7656
1626
8303
5563
7993
6450
6702
5637
3065
1324
493
5774
839
5155
8929
8356
5038
883
1902
9616
961
3692
5120
9454
5333
7375
3781
2424
9621
373
9909
6094
1846
8767
5023
9506
4089
7288
3457
4256
2742
3943
3363
2331
2874
1889
8817
2083
5648
8811
339
9186
8133
6045
9115
8085
2043
9569
7707
2952
2604
4363
1072
4666
5545
4595
6718
5344
9774
7197
5802
8533
627
970
6830
7535
2274
2455
8444
9149
7247
6355
2995
2188
4057
1359
4087
6585
3228
6157
5760
8465
3600
2235
7361
4308
258
5849
258
2775
7421
5637
3325
3081
1749
3320
8082
4766
8352
5146
5543
711
5937
8432
4528
2610
3233
7526
3814
2461
604
2327
3591
6966
3398
825
3147
6494
584
7382
5806
3357
3627
6276
2894
6271
6992
5126
4947
603
6329
5532
7478
3252
503
5958
2751
4216
1281
1030
3663
4662
4222
8322
6198
6092
5504
2552
8338
2767
4045
2045
8902
6036
5803
5998
9138
6939
5687
4952
2756
9019
6226
9506
4779
5688
7656
2696
564
8609
1246
5299
1555
8934
1863
7987
1264
9447
3332
8990
5771
104
2646
1715
477
4145
3713
3591
8605
6689
4623
8881
1451
4370
2909
4721
5772
9287
6230
6602
3907
8498
9402
2225
5433
1587
5627
8205
4856
2651
2276
1294
7514
1919
3367
1707
968
5799
9409
8739
4146
7861
1259
4469
6203
1363
1136
2635
2093
4246
1254
193
1200
7983
3083
6916
3474
4416
9182
933
5892
6332
3926
956
1473
2838
2131
7146
3180
3179
5759
3271
5557
748
7825
5497
295
308
2558
9094
8001
7320
6044
5537
6911
4396
9764
8192
7156
2498
7747
6254
4710
845
3277
3900
9750
8292
1311
2851
1131
3330
5264
7429
7738
5657
3394
2305
5732
2039
6779
2549
8828
6929
507
9085
2963
813
2889
4201
5314
1260
4142
4381
6772
1459
9022
7475
813
8826
7054
6811
4954
9597
5446
162
1590
5041
2261
7392
951
9889
1803
9179
4979
8502
8424
3833
4274
2821
7886
7427
2801
6546
7573
6790
6000
2562
5083
1731
7193
2750
5557
133
5293
7427
6551
3490
5005
7767
5692
1067
7074
6870
5699
2014
3305
9050
3638
5099
7662
3257
456
3875
4740
5720
4826
5484
7711
5981
9689
8321
2286
7283
7400
2214
232
8903
7574
5482
5778
1695
924
725
3850
713
4005
4112
9443
9281
2522
2548
5709
8493
7753
7995
1728
4467
8801
8563
4837
9146
7453
5185
9153
5197
4475
626
7135
5292
9063
12
3673
8269
1784
6403
739
4256
5655
4935
228
7648
2648
1387
3985
6212
4551
2736
2392
2870
4864
2160
1974
6667
58
5463
3013
9025
3089
7164
3366
6583
1678
8781
4407
9189
6422
4552
7553
3549
2876
6182
7200
5577
3955
3441
2415
3108
7829
8983
8784
1653
5465
1511
4486
2453
5364
2199
8319
6418
606
1320
9216
2540
448
6466
79
9564
9495
793
8359
2261
6776
817
6412
178
4496
3757
828
2991
6214
1874
2781
4180
5296
5435
6376
7132
7695
8902
1410
7412
2856
8971
6067
7230
1263
4477
7877
9493
530
889
9659
6635
1503
6155
6619
6111
6787
8848
9578
362
1633
8407
7074
8488
4715
7376
4978
595
8559
6022
3282
2843
5889
9433
4050
3187
9425
6099
4286
7669
6729
2589
5344
1077
5974
5546
9314
3298
9552
2353
717
3449
6615
3672
7172
612
7340
1739
5350
5264
9369
1532
8756
9388
7694
2325
4000
2685
3945
5641
8509
8814
1953
3800
4985
901
4047
5057
1604
161
3850
5986
7883
9999
7469
5674
9878
7948
2279
176
7034
1765
4591
4589
2107
5626
8722
2676
5266
6897
2267
4369
2343
4902
3805
4335
9035
7344
7808
516
4581
1615
5413
6007
1319
3490
6760
2434
4540
2021
1473
3426
384
743
4199
5995
44
7433
4258
9609
2396
5683
619
9649
8319
2096
8642
2230
5467
682
2940
503
6426
7313
551
2293
7845
4660
2587
4019
9835
4114
6126
278
9854
2618
1956
1884
5738
3582
1954
4088
2274
5382
8429
9915
5114
2417
3876
7280
5083
2086
8023
7934
1814
9113
8130
1152
3384
74
6234
5920
7094
1127
4738
3839
7798
5233
4890
5010
8313
7836
4725
3895
8121
7119
9318
9205
9594
8300
8199
913
3808
2522
9701
4765
7006
3389
7019
5211
5846
5751
2025
9247
4450
8888
3744
466
3341
9457
7661
1971
9742
5031
832
9543
3250
6882
5208
3874
6006
117
4382
4222
942
3208
4346
3528
8533
673
7845
7994
8673
9841
4732
5906
4002
8394
8941
5058
3655
9022
4466
865
5436
9875
6487
5551
8868
579
5257
3461
8144
1184
6605
5035
2505
6773
9371
9283
6623
4727
7381
7458
3934
7530
951
9535
9802
7744
4925
900
296
204
5835
5698
9544
4325
3757
2641
5266
1686
3308
1860
5148
6546
9290
443
3253
9845
5498
9218
3169
8965
5487
2199
7842
2295
5327
6137
2383
1470
7075
8443
1475
4799
3918
5816
165
9568
7479
8945
704
4126
6517
4514
158
2894
5047
5666
5670
107
4093
5497
7134
2286
6438
3228
1343
3036
742
7763
2468
9209
6276
2412
7758
1050
4414
4793
3048
104
3817
3092
1809
1136
8857
2274
8123
1448
7784
2837
4927
1148
3815
8460
4507
5910
9295
8294
8426
252
5122
2947
9214
7300
7811
6907
9916
3410
2527
3399
5203
1618
9590
6285
6379
8544
2266
9402
1878
84
7635
5304
8934
7996
5724
7535
8395
7746
3470
2584
1511
9053
5030
3132
7760
5139
5829
4235
6560
3899
7333
9448
9581
9056
5955
9793
5680
7682
8910
1053
1972
4775
5626
9966
7053
2463
6080
1686
9203
3285
9686
2230
2665
3905
342
1266
5902
1626
4686
3632
5008
6761
1924
9711
8023
4041
2980
2500
1045
2714
2967
5727
5576
3924
993
9724
3098
8105
9352
3926
6710
387
732
1238
2726
6573
9367
3561
7117
1086
1266
8175
6254
2959
337
4240
8807
3294
9388
4681
9150
299
2587
5444
6567
9312
8366
309
9695
4173
1622
7121
3992
8705
4899
9450
961
3093
3275
8949
6608
1042
9716
7116
3311
2563
4590
1950
7057
4645
5904
5492
5103
6378
8669
7232
5508
8989
7459
8990
7745
5536
6912
5756
9725
5826
3681
9478
621
4876
5448
2650
3580
6634
6217
1818
4599
3191
8641
4831
2440
1344
9300
6682
4220
4475
4753
2343
7971
8673
1828
6843
6436
8758
6729
7100
7739
9818
392
6431
6112
1431
2017
1899
8292
667
2516
765
5978
5536
1501
4358
6096
4774
859
959
793
4642
1852
5837
3017
2255
2839
1950
2940
3459
4293
211
6707
253
9404
2008
8748
6522
842
5790
3709
5703
4906
874
9852
9537
3622
7479
4030
8296
2026
1990
7306
402
5328
2134
697
9052
7150
2526
5245
522
9160
7062
3579
3056
2658
6934
358
1225
3703
7398
2617
7204
6687
9765
6433
8448
3392
9398
2309
7612
1636
1764
2403
6208
9427
2694
5256
8410
493
3661
3851
1121
2182
6906
662
6406
8670
460
194
9608
5852
5304
6767
9654
2166
5153
8429
4495
8656
2151
2506
8613
3983
652
9431
2080
8440
4257
4649
7279
1193
8591
3898
4474
3444
4641
8329
3299
7748
7263
7796
6714
6077
230
7825
1967
757
2499
5316
5139
232
9166
6111
5511
4940
8227
5500
8758
5523
2859
7520
1615
8214
2649
621
6298
4180
6897
1383
9627
7127
2355
8224
5524
6015
7429
1171
9413
9773
6254
4425
2815
4926
9263
4731
7159
562
7852
1924
8150
2616
2872
8386
2508
8008
6319
1722
5172
9916
2236
2805
3507
8668
6091
4186
8106
789
6889
3401
3052
2741
1943
4578
681
7013
5694
4656
1064
211
8380
6261
4419
6251
3708
7442
7100
482
3684
2931
5950
3935
2600
9398
8366
8230
5436
534
1152
8082
6582
3608
4870
2879
1842
2753
3603
5441
4623
6274
2894
404
4086
6545
4706
9057
7899
2357
5154
7417
1740
2381
138
3729
5223
4814
9856
315
8841
248
5706
3949
2592
6483
4777
5615
5265
603
5282
5046
2294
1637
3550
8473
9135
9821
6151
7964
489
1854
9347
7169
6989
7229
3325
2375
9567
9890
9358
6268
7510
9011
3035
6103
6875
5551
8008
5467
6923
9540
490
8073
5287
5790
7258
709
4619
5709
662
6354
7915
1281
2289
4653
2888
1909
4171
6531
946
1301
2251
5056
4744
5997
5768
5845
4604
3759
9799
53
7986
9185
9919
3228
4870
8145
3592
6684
7548
485
6802
1958
8323
9155
4562
322
3651
1226
5847
9371
9174
4828
9947
1113
8963
9464
4101
172
8197
3256
9531
369
5354
8980
4612
5989
2679
7616
1452
1572
8777
6329
4145
588
7606
5559
4762
771
9842
9664
3639
8241
1326
1402
4931
7596
9402
4106
2806
622
6475
7933
4023
2661
8104
4113
5711
2919
9550
2402
1432
9359
8276
1901
21
2792
5113
1650
4331
4693
9368
5659
3101
2795
9390
9651
6853
2124
9010
5909
2366
9745
9555
6098
175
7491
5776
7310
258
2518
5680
4328
2050
290
6641
9972
1570
1871
7902
1831
6171
6812
282
78
2622
556
7449
4876
6103
1566
2846
4174
8210
3224
8735
6860
7831
5951
4789
334
3137
5622
8527
8792
7053
3792
9366
1796
1134
3875
8074
7035
6269
2700
7212
6143
3837
5656
3877
6280
1261
9318
2739
4825
422
5159
6036
5694
9156
5647
8459
549
2370
4219
2864
7510
9294
1166
1108
8527
2219
8970
8898
9857
1813
9688
4064
9905
6320
3252
5765
4283
8489
4328
7445
8858
8846
7250
9415
5485
1881
5701
679
4358
6887
9689
7752
1316
6631
4448
7073
1275
7183
3015
6584
7965
5848
4068
4957
2167
8489
3330
9181
7978
9409
855
3655
5861
7726
6414
8570
524
6362
7077
4013
8535
4965
4053
1065
3081
5342
2585
5457
4426
891
7678
1810
7604
425
870
5061
2727
8077
9512
7201
9833
2664
5383
8733
9021
5737
7373
5619
9503
6508
9093
9696
9242
5136
1586
7304
5254
1783
9071
647
7729
9622
9011
1474
8073
9820
5328
8732
5235
5296
5225
2821
1483
9507
6974
1724
6968
6500
3685
8116
8763
866
295
2053
3540
3164
3444
4842
9297
1684
2291
1832
1652
659
8202
78
9952
1302
8695
8503
7088
965
409
5180
3252
4836
3006
5143
8041
7187
2665
2355
2771
288
5663
7519
9529
3388
8063
3617
7038
2299
6652
9911
8663
645
792
3352
4302
3386
3982
6762
9810
7346
6540
6892
6393
2257
4715
3155
2339
1258
3469
3603
4732
6699
4530
5379
6141
2486
8215
1459
255
159
748
8745
9678
5585
3471
9494
5606
6924
9690
5592
2829
3929
2998
216
7293
3774
4475
9716
3372
1996
9893
5799
9145
9381
100
1220
8052
1116
3840
5314
3147
5461
4551
6465
77
9595
3941
2779
1101
9216
3471
7541
6805
3231
3644
7988
8180
5133
8272
3917
1254
3822
918
2533
4366
3188
4409
5879
4706
2706
9775
292
5715
6655
1891
4084
9944
1655
8349
7482
326
1899
4592
8070
5630
1543
4736
9749
7779
3236
8174
7187
1734
8052
5026
8544
4416
8859
8532
6975
9051
5534
7367
2667
2749
7891
3698
7557
4819
4760
4491
5001
4582
7263
5522
8111
7292
6855
5768
5325
3997
2838
939
393
9600
7378
5919
8859
1730
9855
4458
529
6739
7218
7339
4221
7373
8549
6552
3625
9729
3075
8004
8699
2960
4707
6905
1011
6930
7393
695
9969
2103
8839
7417
3747
7912
1020
9296
5628
4569
2115
1390
5169
4093
6420
9377
6205
8422
6567
235
9108
3736
8780
1738
2772
6648
1960
4232
8647
8758
8970
4913
6133
3860
3404
9996
1079
4194
9669
9145
2710
3608
4923
6422
66
4783
3174
2829
7214
3212
2927
4093
329
5050
5031
4355
8840
6851
228
7092
2862
9354
3894
3450
9373
2280
8664
8954
1494
9058
6514
7934
2429
1299
2939
579
8168
3371
892
2369
1638
8724
8976
2546
5996
7612
503
4801
7498
6516
2090
8353
3373
8756
7865
4903
4669
6392
2367
2373
3655
9772
2519
771
3733
8655
152
9244
9512
407
9020
6674
9304
65
9502
5759
8322
5410
6402
8026
3008
5807
1550
4850
6407
342
9254
4826
2282
7976
5590
7681
3659
7203
4264
4413
3458
4799
5941
7811
4422
5205
7224
7333
8408
6279
1358
8376
2319
144
3162
7265
1181
5721
629
1788
8865
277
962
7577
3078
7370
4208
5812
6617
6893
504
6590
8055
5704
6710
9149
437
6522
5653
1837
4233
6267
9715
2737
1318
1226
9748
9450
9461
2870
7026
8643
6990
4805
65
3959
7046
436
6081
6975
8995
5260
7645
9244
2074
6637
8688
3597
2649
3754
7799
5870
8321
2992
9745
29
3499
6292
2515
26
204
521
8329
7706
3139
2634
3687
3672
5871
2698
2941
7305
61
1701
409
8554
750
7443
4534
5096
7896
3193
2946
7788
2611
6859
1469
5921
5588
4994
2205
7107
7094
4454
4718
742
8947
6936
5495
864
4099
7343
4345
2516
8828
8653
8592
1452
8407
5181
6524
9170
1411
3051
281
635
4035
8191
7321
6017
8370
5192
500
9643
1927
6017
4438
9915
3891
7843
999
8131
1671
535
2680
8789
3603
9302
2664
4470
1913
2303
4486
7855
5456
9892
2721
6352
3141
1713
1004
6608
331
6889
8237
3157
1955
5407
1412
476
8359
8335
1705
2678
7744
2215
2942
8912
5159
8677
5443
957
6297
1246
8425
2834
6883
183
6862
6573
9517
8372
7287
8083
3107
4923
8844
6661
8414
3092
4812
1502
7650
7791
9026
1868
3168
5282
1807
3752
2636
3454
7223
8611
1769
9149
8728
9167
7487
2314
8996
6568
4895
7148
1216
1741
6941
5872
1412
2687
4668
3219
643
8261
4952
7993
2453
6344
4269
1085
7824
882
357
6773
2374
3758
4798
2640
4583
4524
1545
3855
4550
3060
4943
2574
4745
1972
1486
6302
8187
3895
2961
8000
1756
6276
6190
7855
5720
7136
681
586
2660
5697
6310
14
340
7697
460
1804
6458
2651
1541
8220
890
6005
4961
349
2649
3721
7546
5351
1683
1042
6066
1247
5291
4320
5736
2247
749
9383
26
2784
4415
3466
8020
6060
3527
2496
7079
5156
8550
9521
1077
2099
6242
9791
4393
3134
1393
5331
3347
5824
8929
2930
9425
7477
308
3692
217
5075
6073
1938
5699
3265
3878
8337
6435
4805
513
1567
7683
5565
9758
3841
1520
4185
4691
8390
7003
6451
6343
7476
4336
5165
2632
3133
2787
3814
5676
1837
6022
1992
336
3459
9607
145
5420
8682
4502
9323
9815
8867
4565
5418
295
2000
6632
7250
8240
751
2571
51
9230
6657
323
4930
2174
8822
7740
165
9910
359
306
6298
5541
864
4508
6372
8261
9528
8226
644
4381
7342
3359
9088
7507
5618
8241
9746
8591
7565
7085
9376
298
7501
3456
6371
1525
9889
8385
2198
326
7502
7586
6349
6461
4268
5749
7647
3190
1200
3354
6834
3927
9654
3062
6402
7464
8810
7200
3597
7746
9091
678
3566
3424
2317
6124
7476
3346
8418
2372
2590
625
6789
3353
8997
6141
3210
3557
1302
593
4229
7379
682
2600
29
3679
6244
2105
1021
8073
1383
6574
8823
5944
6145
6851
4053
1691
4104
6489
1150
3450
3312
7658
9185
1516
7110
7430
9632
1090
2555
300
8588
5152
3456
5301
8265
5212
2923
6619
2143
3711
8772
4903
1164
8600
5886
551
25
7744
8117
366
2295
9656
9712
2165
4245
4398
6771
8047
114
3023
1733
6379
1081
9942
1848
1218
7694
1714
8074
6160
499
8022
9303
2272
4695
5690
2249
4608
1068
9471
6893
8388
291
1248
8467
454
1014
1844
2338
3419
9458
7200
9797
7392
6111
9048
5590
9667
7998
9254
870
9022
2302
6867
9574
4815
6874
5315
53
4227
4034
2030
4310
9088
7605
9832
2732
8290
3448
1249
1045
8461
4486
4936
1201
2433
2723
2971
9070
316
8350
7178
6466
1033
5603
9850
6083
2790
1627
5669
8726
7651
8769
6558
2290
1718
9889
7906
3872
4780
6526
9274
9122
9034
6464
861
4109
7329
2441
4547
8212
9488
1747
3300
4514
51
7736
2126
6948
5066
4589
2902
9840
7876
6795
597
9222
3306
75
4452
6866
2120
1358
6371
8395
7734
918
4930
8876
9205
6901
3523
5948
8964
608
3318
8747
4402
767
9684
4331
1678
7715
1928
1112
1051
6117
519
4358
9119
8167
7984
279
5338
1913
6639
757
308
1611
2219
4850
5807
6282
6639
5529
6268
5337
9574
2032
4105
5036
5711
8221
9560
6964
8768
1394
1243
6914
8231
9206
2011
7738
6588
1922
6951
8054
498
4068
2762
2851
2188
2595
485
3068
4780
8097
6636
2386
9447
6966
3341
6116
7604
9854
1882
6625
2195
3889
3784
9703
7066
1130
1392
950
2843
8951
802
5591
4449
6732
4490
8547
6537
3620
4635
5665
2110
4310
4583
9871
508
7472
1248
795
6006
258
6921
3087
1491
4953
5926
4392
6787
5830
275
3809
6416
8251
7040
9937
4592
2897
1289
4301
3014
1881
8499
8155
2280
6589
5394
676
6955
4178
9240
4725
8138
3853
5945
5251
6230
5711
7834
856
231
9326
6535
5470
2625
5841
3699
7735
1826
2679
2506
727
2279
7253
4979
3694
4734
954
5265
5126
3863
8913
2185
8021
5859
9875
9805
3423
3919
3718
9127
1356
4602
6933
226
6833
7713
5501
9297
6542
5275
3826
4419
9795
8016
5500
9902
9456
1862
8529
6776
3847
835
6496
6229
6304
8966
8855
8075
7705
4385
8386
6577
8120
879
3633
3478
9551
5507
9380
7565
8026
2929
4886
6934
519
4693
7251
712
6963
7873
9350
3147
77
1589
2260
8482
6985
7687
5167
8773
8372
1778
3752
9245
1823
5866
484
8216
7146
1741
3098
2252
1918
4021
9814
6392
9686
2091
4541
2694
2219
8661
4077
4045
3227
6704
2144
2515
9926
9593
2734
1584
2100
5316
3115
5709
2534
2480
1492
3755
888
8802
3777
7713
8895
9710
6664
7229
7205
308
3662
9835
8526
6086
6122
8419
821
3128
9464
2077
4408
5712
4103
6128
4910
365
2912
9560
609
2676
8403
3973
6139
7334
815
9568
8801
1709
8782
7033
9206
8837
8155
9579
6254
9591
5329
7121
5472
6849
2497
7922
4950
1873
7279
7368
7172
9072
2106
8863
5587
379
2310
712
9817
1789
1336
3853
7799
169
9149
1279
5071
2338
935
8699
8143
2253
3958
667
9278
4206
5902
9208
722
3840
7674
7965
9804
9569
4334
9304
8561
2585
4945
4185
8197
8363
2031
4477
9926
8691
5337
644
5602
3312
215
1166
8854
9563
2332
5844
4085
837
5796
8819
161
9568
4173
2227
4537
2036
6638
2245
5374
3985
7720
7596
8659
2292
6632
3635
3106
3874
6790
6108
4309
5121
9966
9848
8023
70
7737
6642
9288
7497
422
8917
9190
9717
7610
6190
7135
8732
833
6461
8704
1656
5055
2533
4488
1179
1528
5123
6734
5768
6248
7579
4427
7322
4177
7501
4182
4034
4735
6727
3611
1630
4473
8420
9222
7989
8902
5522
9970
5487
8744
193
7321
5153
9914
343
6310
8630
7954
7905
1023
2857
3619
7604
4456
4992
3891
6178
9350
1234
4275
7064
1730
5000
3600
1635
2293
8897
3108
9682
7798
5264
9274
2423
1533
9249
4573
9688
2131
2025
9627
2578
3448
5130
3051
4013
5793
3061
5208
394
2604
1514
9625
2504
6625
6123
7983
5302
695
8080
3146
2963
63
8723
9208
5282
2161
1259
8187
3850
3874
3430
9654
7961
5071
3550
3268
344
9816
3839
197
4249
4444
8815
8389
685
3260
523
5147
3970
2671
7203
1323
841
6274
9564
7736
1206
2041
4660
410
5041
4407
7234
999
8954
3958
8570
3938
1689
9779
9408
5933
419
7305
3477
411
2601
6104
1325
1959
122
7201
1537
522
7800
9922
4031
1069
9352
2953
2703
7340
3875
9318
1985
9059
5338
1185
9506
8008
1846
1205
1806
7396
2157
2408
1679
1759
2913
2440
8483
5751
1826
6739
7531
8621
2228
882
7216
8060
4987
2244
8321
2583
1362
1747
8823
1437
4540
6773
4841
1835
6818
6274
7259
3087
2826
8156
6801
3781
3560
4239
5778
5568
5951
4439
3064
8902
7376
6233
2451
4040
4499
3119
5917
3341
2435
339
9656
9706
9940
6310
5156
4112
3280
5774
8077
2610
1838
7578
4272
8113
9940
2051
5374
4421
2547
8402
394
5595
337
6968
3036
7542
5141
8269
6616
2563
1050
2824
1928
4845
5846
8328
6982
7993
7045
9501
9542
623
3662
6502
9152
7702
4039
2984
9323
2491
1284
6759
6373
7166
4251
1252
2463
5241
9571
8931
933
717
8699
2728
3004
6426
8951
7086
2115
9195
6484
2467
5404
61
2413
7940
1924
5674
8246
6112
8638
8629
7974
7195
4430
8388
418
7218
6032
6949
3251
117
7609
7135
8026
70
3158
7366
8218
7869
8673
2010
6771
2389
8370
2653
8447
5447
545
1967
709
4688
121
3752
7739
8946
6504
3809
8233
2292
2980
7199
6633
1143
8920
5581
9034
5878
4411
8645
9491
2152
9361
8458
9204
966
7307
9541
5257
9043
3402
7818
8664
8605
7249
1591
1113
7471
9592
9993
1253
1136
9741
9450
9383
4220
7685
1275
400
3532
2560
7017
295
3524
5274
2655
7708
9274
8637
1080
941
9166
5012
8016
5074
826
1515
5926
3939
7143
5762
9168
1210
2937
6560
6891
8339
2937
7924
252
7840
269
8695
1752
296
4421
1357
1965
3935
6133
6187
9435
8225
9658
3442
4643
3240
1371
3225
9642
9262
1070
4073
697
2620
835
1713
5045
4912
5025
2746
3830
5005
8219
4741
4230
2909
2671
8353
8775
6017
7627
1592
4961
4585
4076
3177
2248
3902
3508
2768
3094
6797
5287
1505
5850
4527
5298
3413
28
8931
9737
8587
4459
9421
4796
3199
2230
663
5205
8168
4595
1333
7968
8698
8895
3495
7511
6188
4499
7480
5609
5925
4175
1556
8327
9312
8501
950
2331
2158
4021
4510
8437
3034
2225
4722
5187
775
2364
9020
1580
310
5588
2929
5161
5668
6312
7681
6320
6560
376
8810
7919
2346
4168
6407
6914
1207
6432
3878
8464
9009
7331
8023
6280
1708
9082
4289
6084
2579
5437
8543
8311
0
3261
887
584
2986
4448
8074
8651
8729
7386
3495
6056
8085
8005
9323
5275
4156
3149
4147
6807
8771
2267
1618
2519
1556
7259
6589
4355
8437
2780
9972
4907
9913
7411
1819
8915
5520
7644
7479
3003
218
1615
276
3770
7640
4779
6322
4231
7475
8418
8513
9875
9094
7120
2481
950
9430
1880
9212
4932
9779
8909
8607
5996
2790
4218
2499
4797
9530
4000
8058
4885
7175
4666
2309
8904
7353
9133
51
3769
2639
2961
1779
5496
8144
1142
2250
9112
8968
1397
16
3772
5935
1765
3477
9869
2267
2135
7009
1482
4684
8654
8121
3261
7925
4862
9054
9558
8315
7376
8511
5527
5877
6463
9710
2890
9123
6930
5680
4674
3691
6710
8046
973
3583
7383
6633
1235
2683
9276
5339
1759
1962
7964
968
6854
5672
7920
8834
2392
2385
4471
9564
4162
1720
2448
2534
1006
6069
3671
536
5416
2886
5391
4954
5197
326
7432
7231
5794
7114
5774
9954
2734
88
6526
7497
4022
5699
9301
2950
9491
561
7638
9101
3233
4493
2808
6399
9862
9208
1578
260
6141
5579
9188
7256
7423
471
6971
3980
1854
8029
3168
1245
2781
682
9687
4530
3294
8890
6847
7759
2777
1614
6242
3222
8070
5480
8266
2717
3080
8882
8942
8810
8374
9998
9336
6395
3303
6712
2933
5075
938
2520
8760
7167
2463
4644
3499
7830
7492
690
4163
2766
9568
4971
46
8684
3158
5323
1324
8163
5303
2677
8487
5566
2519
196
6913
5864
6618
3996
1193
6504
4618
2046
4297
6347
3848
906
3806
7193
4044
3679
5349
1290
8635
3870
7535
3569
8405
8333
9601
6342
4455
7479
7418
6866
1731
9088
177
2611
4026
3895
9771
544
4804
1220
7734
6342
3932
8176
6294
8944
5098
4644
4809
6309
2686
7210
8824
2716
5318
4848
3420
2682
8892
139
2043
4108
1087
3255
8718
912
1053
8460
8736
7213
4842
2045
6629
4404
8207
6347
1204
5086
321
5270
9491
6868
3245
3571
5117
3358
9374
1864
9459
6403
9386
2244
9868
5631
9407
4029
8234
4179
5589
2689
5547
4037
432
5310
1896
9752
1045
5485
7262
4327
5846
8264
7014
747
5596
2173
2627
9997
4048
5370
9320
2324
470
8920
7091
4351
7190
469
5770
175
3576
121
7665
652
1356
8506
3204
6600
1763
843
7431
5296
4013
9807
8120
5790
1536
2219
5869
7724
9281
1754
6064
435
6739
3482
4500
7297
7209
4035
1938
4041
4089
7048
2741
5364
304
3478
4734
9494
7372
7209
3876
1628
1145
6494
9467
8449
6779
7427
9072
9359
7957
7403
8495
2594
3924
1662
9714
7240
4044
4204
7238
2149
4716
9042
5003
3731
4288
1541
1624
8599
4787
6572
7592
3711
2479
1434
5349
6391
1587
8120
4127
3626
4111
9138
5977
774
335
8984
8657
2712
3442
3076
778
119
3638
9611
5576
972
1393
6572
439
9055
4190
662
4407
4189
531
4711
4344
5621
7931
7438
2191
8210
3621
2834
1954
8658
1303
8523
5254
5398
8864
9166
2274
7890
8345
7527
5471
8292
2807
6383
7615
273
1841
3036
3894
2827
5208
1239
5706
7199
3399
4297
7235
8314
8504
4767
830
2076
8465
5469
4948
6037
4201
8303
914
1787
1067
7354
5092
1966
198
4897
9219
2146
4990
2515
1001
9724
67
4881
2573
9160
6363
1405
8783
103
4655
6431
1665
4678
5823
305
3615
7705
5443
5466
1149
8230
8127
280
6540
110
1073
9782
6809
5527
1658
7917
2354
8708
4903
8871
3030
5590
5868
1790
7416
7883
3052
435
8750
4213
4167
9739
300
9366
7696
9396
9945
5255
2361
5445
1483
7624
7725
67
5540
7985
8042
7808
5416
3671
2602
877
7177
5227
9260
2145
6753
2396
884
8946
4667
397
2267
2479
9119
3153
1156
2480
5416
8386
3117
9941
9940
4224
9566
4620
8375
9255
5249
8830
2172
6970
3261
9656
6506
6412
9137
9400
9150
4861
5210
4013
4683
5265
2913
4641
3914
6508
1364
8003
7055
1738
7423
3644
2875
6187
2695
6020
9848
7355
3667
7165
6628
6992
2583
2812
1180
7917
4254
5752
580
8355
9235
5035
7153
2294
1004
5541
7620
2654
4068
9152
3571
9700
4276
8255
6645
236
157
8127
1321
8995
8548
5055
6019
4269
3882
7100
437
1521
7991
6101
9222
1297
2067
5406
2690
7185
6608
6639
1662
5784
2488
7964
6902
7492
1038
7520
309
200
7539
802
3103
9713
1336
1274
4750
9462
9899
4173
3720
3309
3616
9475
3241
8395
6493
4538
2978
115
3730
1811
4542
3776
3
7915
3037
7838
1891
8020
207
4050
3855
4673
5358
1945
4100
5713
5832
702
6221
2770
344
6581
2381
6263
5920
869
5782
4356
3637
5075
1204
5366
2343
1977
8074
7391
1580
5573
2166
3023
5640
2766
6946
6703
4922
7425
7818
8983
3158
233
166
4336
8011
2669
4899
8739
9040
484
9314
1279
7808
9843
1196
2202
7470
9911
2288
4927
4951
9182
8379
8662
8163
8640
2163
9457
7271
5611
128
8722
1275
7580
9383
4266
9971
2425
8053
4700
4556
7451
5476
3632
2836
2921
6173
1252
6614
4607
938
9901
1745
7693
4022
2235
1989
2828
9332
1162
2633
3756
3401
1845
1531
9305
7687
2933
9157
5612
6950
4135
8168
6734
2449
763
6744
3943
7131
4712
6004
7652
8892
413
4320
5318
4828
6483
1649
6679
298
8527
2660
1240
3097
7155
7355
8950
8840
5044
1909
4620
6188
1958
249
5393
845
1363
1439
7393
6650
1371
3179
4410
473
4868
1351
1453
4255
3411
2523
5140
40
9539
1244
1763
8212
8498
8862
6263
271
6076
5831
1483
7787
6494
8658
2921
3291
5260
5709
7917
3198
1263
639
2373
342
3430
4745
3957
4805
1117
520
2184
1315
5243
9540
7232
367
7317
121
8494
5695
8800
7375
4765
5861
8484
9864
6265
4928
5228
5909
8109
9324
3481
3189
730
5143
2246
5996
4019
7793
311
3675
2773
863
7034
3378
7621
268
5632
2911
865
3069
661
9905
6104
9727
2186
1006
7845
4624
1572
4541
5078
2982
5310
6336
9196
7744
9433
5938
7131
5303
2067
3849
9553
9264
1173
1096
5220
3761
2327
6100
5571
2397
3822
8657
2830
9150
6198
6616
8258
7790
7434
9351
3260
1810
2752
149
7935
2244
1938
6784
9297
3307
6903
1157
7967
8713
8688
9307
4049
9025
4190
6797
2665
5218
7008
5362
5924
4501
9066
5467
83
1935
6994
2904
2227
3235
5908
519
1336
8871
8758
5674
8409
6961
9813
2276
9748
7023
4382
8272
3538
6752
3913
1709
3941
6657
1903
2474
3918
3527
9084
5594
6508
5574
7087
3748
5343
5773
1279
9658
2874
7759
4088
500
5318
3422
8387
5001
5651
8853
8531
473
1945
7138
2972
281
2477
3742
4046
699
1184
8443
1711
6746
9169
697
9846
2511
8947
4276
3507
9283
3833
6254
1421
8194
3853
5076
5939
4920
7504
6688
3092
1643
539
7963
8635
5332
5045
8044
5457
5195
3245
9746
9286
190
2567
9658
1578
4061
8612
7309
278
3030
9465
648
9336
7992
9586
2057
5963
4694
5983
4452
3301
4042
92
7599
9498
5474
8415
6480
9181
5068
9051
8481
5671
6762
529
8205
1728
6610
2406
9418
3130
869
7247
6851
2830
9866
4712
8816
6062
3558
2981
996
6617
426
832
179
2445
5848
5841
5486
3670
723
7564
3341
9525
1331
4659
5767
3484
3106
2044
1
6837
2502
9742
7233
3634
6171
9109
4573
9680
7804
7941
3397
5173
3790
379
7322
4488
1706
5534
5113
4495
7092
9556
7272
4403
9276
2130
9980
4465
2273
7532
6245
1994
8285
1450
1014
5945
7521
8315
2293
8132
3117
8915
4715
3676
636
6768
1208
2383
186
1210
6630
1437
7539
73
6104
7367
202
3569
9424
2835
8418
9560
3482
5228
2909
4856
3656
4919
4574
7695
9770
432
5181
8275
4265
7298
3654
2164
8801
2662
8590
42
7209
9251
948
1501
1136
9940
2720
1236
5190
1479
8059
3637
5156
6273
7306
9386
6825
6927
5944
821
5602
6247
8622
3274
9652
2317
514
7323
5529
2017
6378
9969
4469
5574
5707
3670
9412
2174
9298
3775
531
3136
9902
214
9255
892
9785
4295
2093
9749
2833
1328
9967
5581
4103
3147
1312
9310
7730
4728
116
7284
833
3475
1887
2505
4300
4677
537
2584
9349
5591
3114
83
6241
65
2472
1488
2685
2560
3450
2766
1678
5350
2183
9014
217
3643
4224
1004
3212
8833
1575
7668
1991
9909
6635
9105
3850
4977
8465
5784
4269
3871
5232
2756
278
1192
2841
1811
7322
1419
3281
2622
4467
1881
3885
9125
3418
5388
1321
9145
7538
7928
7477
9139
8529
1434
2876
6497
795
5837
3490
4225
8012
8347
6745
4806
9586
7344
3504
4744
6213
1211
6489
8760
9636
206
3573
1536
1933
6164
3935
4953
3097
9218
610
262
4546
1174
8439
4830
2577
3884
6495
6695
3144
1408
6793
9934
7257
9821
6016
9731
3713
7204
8068
2672
4421
664
436
4554
4055
6070
7717
2257
3717
9299
2450
5602
2974
7821
5056
7435
4290
1795
6107
5390
4309
1072
5539
2319
9999
7363
189
8696
7459
5274
6807
668
490
8829
8588
3719
2187
1879
6416
5268
1210
6894
9481
6089
2586
4068
9402
6845
5984
5878
829
8922
2710
5953
2923
5181
4056
149
3483
3355
6462
9490
9062
9405
87
3023
5187
7787
7742
3593
6532
7975
7004
8296
1867
5088
4201
814
4746
4360
5872
7224
8646
4847
4239
503
3671
238
6184
936
3279
6559
6359
2735
8516
8601
1807
8899
4364
5018
3427
1954
8196
878
7038
5061
4973
9532
7920
479
1763
9583
9606
4223
1627
1649
3205
356
6729
7171
6098
432
5995
1386
4017
5717
6838
7444
6072
8301
5979
1849
9342
5318
3157
5004
9046
5225
1345
9711
7666
1627
9018
5398
2742
5933
6113
2132
7947
4318
9078
8467
8572
1569
1797
4255
8480
2409
6927
8177
100
2352
9252
8218
1748
1255
746
7605
7558
4200
7437
6591
4052
9047
3427
1154
1988
6823
3419
9917
6517
4681
321
9663
5112
6126
9792
258
3849
4942
2341
6917
9880
1666
8507
690
1992
8347
4729
6078
1428
3653
1604
9790
4553
6902
514
1159
1524
481
8844
8158
6136
3239
6239
9694
1644
8493
6112
2647
7679
2232
2953
9060
9
7125
7445
1413
6479
933
835
3691
7186
9125
618
4850
7413
8412
5466
5976
8921
8462
9306
2444
8120
9294
1236
2866
5898
7312
601
6291
8614
4284
450
2736
2969
9550
5524
5687
5724
9466
5999
3407
9381
7516
1923
1982
5693
8350
8576
4570
8025
5284
345
2139
9287
5105
8931
6335
9735
6844
9216
3400
2243
3052
1938
2400
61
3584
4638
908
7156
6524
7455
9871
6881
6014
9812
6117
2212
5967
7831
5472
6839
2197
3387
3199
8027
1572
8817
1242
7655
804
2199
7003
3354
5342
7854
1270
3657
6001
2486
8585
4425
2209
8952
6910
9803
6303
2879
6429
4639
9667
2244
5278
6966
757
7925
4973
1304
3260
242
7318
9294
2398
2564
1152
1134
3206
1641
4854
3681
5395
7184
5024
3986
4125
3181
2128
4981
3042
8106
921
5249
4815
9627
634
7115
2474
9484
5639
7265
2572
7865
7640
9872
9404
7642
4283
8883
5302
5608
629
5544
3595
3984
1574
1824
8626
6852
4315
5843
8444
8920
7660
9758
4357
4160
3077
858
1895
8723
9874
7850
8808
3499
2260
1105
6403
940
2144
7485
7780
8431
5143
5828
4941
2283
1520
2057
7606
2798
5361
3531
8417
829
6620
4475
5163
5702
8198
6696
9295
7278
1507
7944
1908
3196
5629
4533
1239
593
8340
7169
4227
5314
4575
4952
1612
3923
9360
7441
60
5682
2982
9584
1157
93
4508
891
9061
9841
3183
8727
6935
273
5692
8174
5
7759
9256
1663
8491
6474
9977
4787
9608
8852
8945
2183
5198
9902
5932
923
264
8370
3487
1893
8251
4557
7376
8339
1349
7799
7732
9628
4914
7328
4195
6961
4494
8761
5448
1125
9077
1084
5396
2085
7045
7961
35
6566
1477
8367
9302
5339
607
963
7231
2912
5528
1983
7292
5158
9553
4362
6074
8698
1414
9296
5722
1620
2564
3262
8993
2633
4151
7212
7002
3150
8464
6695
934
7610
2390
6554
4468
630
2916
6040
3995
8547
4528
9737
8547
632
1404
271
580
5047
4421
5379
8423
4251
9001
1329
7224
3377
3254
1373
9005
127
7261
5584
8368
5
9461
6595
7880
5551
8907
6422
6582
8372
71
4670
5099
846
4011
4393
951
2198
2308
5039
140
3979
2755
1447
721
9455
1349
4723
2851
2718
3886
5577
9605
8108
9685
9982
2408
426
8313
5633
7989
5573
3985
8818
375
7195
4016
349
7831
5946
6967
5687
9071
2903
6421
3188
6047
8792
106
818
1326
1231
2521
8277
6472
9987
4891
5776
9142
6412
2481
6285
1260
5515
7633
8137
9259
5044
8129
7519
2807
5529
5666
7999
2994
3124
9540
475
2775
1808
3479
6254
4819
1765
6193
8649
7614
6510
1676
4763
8696
1080
6471
2925
2094
1338
9660
2455
6907
4348
5458
146
7435
7093
873
8779
5387
1941
354
7649
7004
1803
9425
9915
2615
4020
1099
1321
1626
8369
8329
2901
8401
2403
6751
3877
2255
870
2534
5761
6091
5703
4805
4347
1352
1427
2575
1440
1869
8126
8549
2473
4835
2157
8620
3342
2813
7456
5721
6648
5601
2608
1657
4225
4404
0
910
123
9381
8691
7955
6761
6911
8362
7424
3342
7650
8456
3977
6736
8939
3668
1041
1816
8432
6890
1068
3354
5272
1151
8337
379
7255
6142
6062
8579
5207
8308
5799
2225
417
4228
6598
8837
6795
7448
2838
5998
4508
5174
507
1121
8587
2938
6040
9938
5814
4389
8900
8498
5198
8354
3783
3078
7999
673
3470
5167
93
8082
9454
9963
3097
7583
2949
4040
6516
2070
7547
6304
5979
6706
8680
8182
9648
8277
6528
8379
7833
7204
8825
2220
561
4623
2253
9500
1357
6347
7403
1738
7113
3342
3207
8943
225
5031
1762
7302
140
2759
4788
7096
3618
7968
8278
8515
8814
3816
4700
9398
9694
1481
6175
9164
8279
6185
7369
434
9622
2354
2361
7958
561
301
4999
8959
1180
5087
3394
9155
6408
7920
7300
1065
790
5875
4247
4444
7321
1255
8528
6552
600
458
9674
8884
3539
3765
7214
9084
3149
8840
1950
9705
1640
9026
49
4063
8815
4124
6984
9732
4172
2307
1151
2376
9706
273
4752
6949
1876
7527
5777
2340
4300
8665
381
7289
3977
6518
8288
7213
8711
4130
5004
9430
4978
738
5433
6021
2749
4435
3450
2091
892
999
4330
5561
7491
9869
6244
8259
453
2524
2706
1231
5054
187
7710
1024
780
3312
2308
5706
616
6788
1416
8385
3747
7840
3908
5939
2523
2790
2682
6830
1677
7965
3688
559
9572
4314
89
3944
2191
6008
6711
7053
849
6565
4335
4988
178
472
3341
8662
8995
6626
6774
8446
6159
7696
1637
9293
2684
2266
5149
608
2321
6620
3949
3023
2914
5758
5265
5274
8646
2833
5413
3874
2042
8057
8868
7393
8894
514
6847
7319
2621
4208
474
7810
5978
1975
6928
6297
4085
1859
406
1365
6413
4021
4125
76
4816
9243
3569
4588
6318
6395
2383
433
6300
6188
8499
3235
244
48
2575
9263
3609
2946
4407
3327
3464
4200
6521
4841
9818
8549
5419
7457
5622
8814
3293
2156
4259
1766
9133
7410
7819
1209
2153
6175
4508
7889
1150
4614
5832
7736
1376
3954
988
635
2291
7787
5869
1112
4773
6081
6414
1620
6270
776
3102
9306
4720
4769
6111
5459
1257
9344
801
1151
9031
3535
4733
8350
3019
286
9774
1534
8454
4357
3577
9809
6992
5593
8365
1290
1207
4358
1573
3891
8612
2031
5499
8798
9226
7407
8823
9687
8856
4299
7156
8578
6142
1014
9859
1558
2108
4768
3114
9509
4181
1228
7140
9543
258
4333
7100
2994
147
1516
3508
4520
5281
8937
5487
237
671
3195
5807
4308
2815
1957
2808
7221
1921
616
5172
9676
661
319
640
7249
7826
9051
2611
1360
3151
6507
7406
6693
2238
5687
7631
3990
8057
345
4544
2588
3380
7449
7596
3742
9010
8468
6962
2444
3188
6072
7714
246
8188
5775
1668
6135
4127
3685
6008
9425
3465
7143
6839
5734
3579
7178
6873
9728
1999
6933
8144
7470
5212
749
2274
9627
9237
2731
5332
6092
8379
971
1137
6550
675
1908
4042
2666
211
7071
3767
7535
9269
1702
9595
9946
2286
9642
9094
3227
9464
3104
1317
6695
7291
8090
4932
9422
9163
2254
7555
6937
2891
7541
3142
7698
9455
8098
7638
671
3455
5532
8133
9452
3079
1498
7775
9268
9707
2939
6491
2124
2104
5711
3665
4412
5606
3493
7030
4810
1482
4609
9523
2069
5399
3577
2996
7404
9908
2957
8252
6201
6057
7841
6069
637
6739
9545
2949
184
3783
6816
9388
1077
8899
8324
2170
8512
7504
1633
3966
8629
9732
1160
7064
5654
9940
1916
6240
9657
758
602
9232
8012
8788
8642
2700
6022
8700
9318
6466
7723
709
9806
2716
7739
3117
6917
4403
8407
7357
2099
6317
5233
9086
8280
7255
7808
8148
1570
285
4029
3080
9243
7142
9101
500
4467
9342
1883
1064
7589
4651
1200
6857
824
6192
1042
713
4868
4799
3830
5234
3503
2697
7636
3339
8948
7554
6246
3485
590
4496
2460
1919
8134
8818
991
8590
9575
5934
9295
7385
7482
5314
5404
9000
5043
6235
2814
9548
6423
2420
129
9329
216
7350
2544
625
6431
7982
7116
3042
1413
3997
3802
191
4814
569
6247
8037
1683
6304
2504
7284
6410
1180
5650
1141
1523
5106
3474
9098
7841
8117
811
8704
2484
8408
7706
8034
6463
176
7783
6616
4411
535
778
9788
5559
4301
5752
461
5754
6889
8873
7356
711
8142
6390
6132
2540
7320
4708
2743
8759
6710
8472
5187
6580
6305
2566
7795
679
9482
2314
8081
1091
5315
1058
5914
6822
259
7734
9866
257
5581
4821
6311
583
5834
989
6473
3601
578
2695
6086
6651
4106
268
5580
9167
4744
4872
8584
7612
4882
8106
1203
9154
4420
740
8492
1757
4928
5206
2177
2556
1327
9441
2503
765
5878
5995
9081
6102
324
7246
7852
690
6727
7180
7633
7095
7215
2356
9460
6704
2890
7914
450
8268
6078
6550
8823
1394
134
2443
389
8526
1971
3410
7713
9757
8788
2802
8295
2561
6929
3390
8573
2225
2224
1468
4421
9777
9722
7790
1516
6361
104
5726
7312
2852
2407
1258
479
7239
9898
7994
9994
3068
4735
6394
5080
7499
314
9480
9207
6244
7453
7100
1853
7483
6025
4271
8029
8640
9070
5337
6741
1242
7966
4395
8675
5839
2048
3349
6264
8530
4961
1446
6373
1322
3988
9758
3282
6987
6442
5265
7470
9732
2861
6042
8960
9604
1190
9641
9755
4681
8286
6635
9185
2774
8882
1700
5406
7553
2831
2620
3189
3622
8701
7411
569
7003
5321
3298
7569
3538
3370
8048
4830
6116
8740
9197
7753
3712
315
4127
7861
8512
7487
2886
9700
9860
5494
9118
8406
4621
8840
2721
4460
7912
6148
3398
8922
7924
3247
8906
4346
9746
604
9001
7501
1833
663
5017
8589
2387
748
8196
9951
4040
1189
80
8388
9957
9424
7948
286
6712
9391
3289
3807
3066
2488
4898
3788
8633
8861
3930
9905
7153
9974
2081
3903
2951
6698
9394
2672
7698
4685
8748
8427
54
9043
5883
611
1310
6947
9218
2746
2485
6070
9960
1554
9266
3039
9772
4468
6461
7477
2277
810
2786
1419
4315
6182
4161
1728
3116
3862
9984
9746
7116
5055
3550
318
6828
3558
9204
5762
2709
9582
8778
3444
3025
6683
5922
5291
4439
2869
4821
6219
4273
4920
7817
6446
9899
3816
2988
2702
2651
2930
8736
9023
1671
3182
8387
169
7175
1649
8889
5187
9752
3502
7112
2411
330
492
3648
6066
7479
3027
8149
6196
2497
6640
6506
261
8982
40
2924
151
2434
4202
1992
4312
6050
3660
1914
3048
9952
7207
5123
1081
9744
7759
870
7231
8806
2746
4703
9927
7873
9011
8432
2723
5432
2934
5498
611
8240
4955
4740
1584
1175
9360
8763
6113
96
1950
2455
9793
2251
7150
2965
5016
9360
3348
6006
4261
2136
2937
4691
2573
4168
3847
811
7437
8043
8030
3403
5308
2491
5108
2953
5612
9788
9048
9038
6815
2773
8103
1117
2917
2012
4936
1667
5604
4796
3730
3373
8945
2470
1453
4497
5626
3825
614
5354
8454
3807
7132
3443
1060
5534
4215
2223
4432
5239
3400
7763
644
630
6043
6225
7227
1639
426
2402
8400
3881
7947
126
9926
1778
330
5355
7201
7135
9953
9536
4305
7190
5171
21
8142
6474
3192
3625
8799
3050
2242
1807
2213
7159
8559
7607
2276
2159
3111
20
2690
2027
4789
7199
5064
3873
4723
4167
4822
4839
5166
1618
5794
4069
9976
4709
1920
3397
5788
5324
7710
5034
8700
1847
7366
4186
6054
5266
2983
698
7845
8783
9549
7364
3588
7617
2812
7703
2333
999
476
1388
5616
6484
6222
9888
7775
7111
205
4419
822
7580
7872
7451
2600
4526
3436
4165
6420
2503
198
8490
9350
101
7605
4058
9706
5611
5366
8600
716
5889
2601
8130
1227
6841
9657
9275
7707
3248
7465
1606
1914
4044
4234
7905
1738
4952
4633
2604
6093
8825
6725
2084
7471
7084
5614
3985
4781
3727
5545
9992
5251
7017
1024
7678
3667
4310
5558
6234
4082
3410
280
4868
3692
2929
303
7392
1064
3113
7666
9634
4806
957
6009
621
9316
2040
5436
1180
4480
2498
730
9291
5944
4529
725
4547
7549
3038
9690
2960
7638
2131
3294
3297
7377
4335
6820
8252
9844
630
3436
4427
706
8231
8965
4535
7673
5243
8179
7231
5479
3655
1468
8021
9469
1966
4092
1445
6556
503
7864
2067
4556
2086
7359
4720
7436
1097
221
921
3107
7777
7193
2396
8229
1483
9966
1159
8081
2202
1687
6863
7255
4131
7268
585
8167
4405
8089
2905
6884
8131
6789
7429
8120
1055
5471
1765
4785
1332
5677
1178
7289
3680
1007
7944
2691
9036
7192
5393
4881
3002
6604
815
6739
5242
2341
9981
4282
4201
3824
8083
3722
7222
2212
1020
2718
8226
5363
5189
6597
7204
4776
7013
2170
4758
4816
947
2225
783
4022
4569
8749
8381
4727
1491
3199
4671
5012
8628
2089
6029
85
2661
7873
229
6186
378
4017
3683
9885
8308
5355
9852
2931
2460
9593
7415
6146
7842
5490
9351
2092
275
6729
8841
5930
7920
5168
4455
9780
6017
6218
2359
7260
8293
6237
4628
3258
1940
662
9815
1474
2340
871
2433
7906
8228
3067
8039
9223
7385
9434
3018
2560
6002
5640
4001
2794
9706
2056
9878
1162
6073
8671
9163
8185
6423
6083
2023
4969
5951
8497
1440
5094
7323
5197
3910
3608
8482
6036
1706
1941
6427
126
6521
2803
3772
688
5114
8395
4883
5117
1791
3017
5920
2989
6523
6544
8830
8709
8081
4218
1821
9014
5156
2685
9469
9554
4480
1226
8872
2664
5620
1279
2252
9169
3755
5803
7395
1091
9590
9089
1361
6739
4311
2358
2474
1703
7724
309
8910
7721
3239
5106
2243
6680
4566
9740
6796
9689
9987
1163
8027
4843
186
216
9392
8471
6466
1308
9181
3622
7738
2225
3080
4492
8642
9461
7739
9987
4995
4748
7788
3987
5996
3589
6932
5084
4858
2309
4863
8662
2563
5024
3119
7808
7647
5814
7596
8021
2947
617
3532
6812
9755
8845
5291
9054
6867
1641
2871
8947
9267
4810
2235
2501
4149
5494
4182
1958
6788
9101
2519
8878
4723
2044
5928
8460
7415
8780
1572
1069
8401
9511
5493
7659
4924
5914
2670
2285
8223
9686
2
5116
1056
849
1760
5941
3334
8057
5692
186
9193
4697
9658
9907
632
8276
2297
4179
2614
8797
6346
437
6929
2089
1852
9813
3777
6237
8438
5531
1690
657
8240
530
1710
8198
1278
6470
2562
1395
5561
5116
9963
1627
396
2732
5413
2107
3848
6921
3312
6751
7237
4113
2487
1812
2597
8863
6926
1544
5366
4446
4711
7934
4853
4408
497
3725
2009
5997
5054
3752
5267
2319
1904
9929
128
7882
1503
8758
3896
6993
7321
5
6246
8323
8759
2508
3044
989
6167
2337
4147
5913
939
2096
5908
964
6398
6363
8902
4812
4558
1019
1036
3416
6107
6373
5194
1075
474
7592
9404
9408
4038
931
1315
7201
836
3059
93
4930
2945
890
3648
3248
2346
9051
3987
8680
3031
1666
3448
3146
4950
9217
9914
3419
6688
4004
7359
6266
3657
6646
666
8026
9497
7549
2000
734
8386
176
8084
6516
3678
3849
9473
3512
7527
3717
3588
7609
3010
5063
9508
1096
9785
2189
9983
6012
6563
411
1026
2547
9058
3364
4308
2275
6360
2951
8815
2143
631
245
7965
149
9876
6912
8059
387
4503
5279
4428
26
706
4543
6285
6891
9979
1188
4816
3054
5528
1709
5959
8594
4486
6453
511
7199
4982
3189
3735
6246
229
4806
651
8266
6742
1941
2593
1880
7822
2608
1615
6273
9035
5676
4311
952
242
8985
2081
2151
3972
8093
2867
4476
1452
7469
6127
545
4007
171
3273
4425
1553
3224
7220
4102
4808
7098
4600
1816
2863
4073
7233
3952
9249
5140
9527
5442
3760
1153
7190
9257
3353
4977
2730
2772
8918
4337
2008
7774
4880
8685
7323
2588
6110
4511
586
7023
4654
8341
3699
6985
9039
4689
7046
7852
6505
6569
8480
4094
1993
8351
3939
9353
1501
4875
1566
14
521
1205
4606
3162
4803
8303
7057
4657
6945
5406
498
7511
3709
8665
4790
6318
5601
4953
1442
1337
8437
449
807
2238
8131
248
1947
3098
8195
7585
5429
8127
3544
2684
6117
7065
9158
8469
5614
5422
1006
2073
3536
7427
2487
3161
2470
9355
9179
1608
3129
3050
1403
8911
4591
1576
5776
447
7444
7906
2047
3814
6243
4426
2168
6442
3489
6446
3308
5891
7174
4566
488
8182
6425
4519
3858
2779
6646
2165
2846
1856
959
4149
1486
2934
5357
4208
228
8585
6385
5939
6725
1694
6923
803
717
9236
7045
750
8328
4989
2334
2509
3220
8358
2591
6662
801
1058
3499
3486
705
8549
3335
7196
9522
684
8883
9640
533
5194
5381
2754
234
1212
1121
6751
9418
1166
7719
4685
721
647
9161
5800
3654
3439
1094
8598
7192
642
1160
5629
3046
7212
7623
3828
1835
5539
4008
2822
4117
3733
4965
4883
8128
8006
7530
7232
1796
4443
5913
3519
6984
501
1499
3370
193
7573
3396
281
4379
7230
3698
6403
5138
7417
5489
3137
4989
6209
2893
7037
5848
8094
2550
5225
9789
4943
697
3325
2943
9440
9793
8120
6642
8460
1065
455
6906
4283
6956
9364
5374
4124
4155
1350
2136
7071
8027
1526
8957
185
3992
529
5092
9162
3130
2793
9572
9547
8291
1351
4830
2416
2497
1563
132
1534
5030
6212
3204
1686
3970
2715
1062
9871
8730
4297
3966
6466
6679
584
653
1039
1533
8807
5419
2253
1446
5800
5481
974
8395
4915
6966
9712
2430
4541
8912
3312
2807
9812
2629
1258
9769
9361
3205
5435
3648
1728
4437
647
3946
4667
4131
3654
1471
9042
6785
3610
5662
39
4608
8236
1493
5302
3275
8212
5180
6930
3020
8854
1151
2123
9471
7513
5287
6811
7713
4468
355
5615
468
5314
3672
9075
3842
3300
2898
9078
3195
7781
3318
3197
1502
4457
7078
3011
3376
4846
9455
7214
8139
9061
4691
7629
1798
1242
5662
6349
4573
9582
823
1819
5405
9030
2741
5364
9966
3452
4155
5832
941
8643
562
925
3301
3193
2113
5775
6442
2501
2763
9957
5649
5519
9366
3823
4207
6479
8323
3339
3581
2541
8335
8711
3397
40
1541
9953
6812
3122
6285
2075
1387
8472
1077
9786
9691
4432
6011
7837
3100
6715
3940
8298
6659
7530
5884
8004
8734
7260
7210
6505
6741
6805
7455
7848
4351
3851
5019
9743
3406
9978
5661
4243
8104
9847
53
4553
1379
898
3815
6529
7212
6084
2590
9090
6307
9608
6090
8032
8199
9062
7415
2346
7274
474
5948
6624
7920
6372
9549
2098
3386
5800
301
9572
1129
9253
5012
3438
3393
5795
2249
2815
2044
757
908
4945
5703
5758
3811
2247
8653
6497
7726
5699
2718
6864
8585
2981
908
7814
8750
6302
722
6912
9956
2627
7457
1621
4520
7548
8665
7207
4918
8316
4432
9090
4180
2443
5074
8689
507
2398
8853
7328
8179
9080
9111
1963
3722
4794
5590
2966
8769
3031
284
7638
7172
4546
8662
6572
1987
4760
1151
9474
8481
762
8877
4286
952
1843
8072
8628
8103
8568
594
9223
9162
9117
3720
4112
3652
4964
1331
599
5100
8000
5995
7102
3889
8168
4745
7486
2634
1335
9112
5688
9871
7824
3271
5549
1886
7550
7421
7898
267
6985
1482
3771
9991
822
9925
6785
427
4022
8055
9118
8977
1870
7475
1756
2671
3158
7825
4973
9329
3483
2390
3518
9891
3823
9970
1925
5576
1840
9829
6985
4521
9014
446
4048
8221
2598
8770
1843
993
3716
2198
9454
3429
6085
3337
7476
9811
7842
6640
352
637
9384
5519
5926
6097
9421
8497
5239
5755
9341
9541
4467
919
2082
4885
5801
4786
2738
3475
1418
7677
2
6147
9868
7148
8617
8495
3050
2257
4815
9003
2825
447
7508
1990
6853
174
1485
3593
1145
8171
3016
3855
3038
4377
1793
289
8667
3384
6654
5341
3787
8912
2549
3122
9628
4362
8477
843
2163
9931
2177
6021
60
3470
6321
5167
8271
4589
4979
5837
5615
8844
1719
1881
3981
4386
4216
3511
