1000
159
808
838
943
339
967
284
221
610
38
706
174
884
794
767
967
377
900
492
654
319
725
185
279
848
861
235
121
966
819
462
448
430
670
677
659
15
937
163
237
957
853
901
601
871
297
918
142
361
221
638
130
534
980
176
179
285
344
87
344
583
615
972
823
531
834
550
527
334
87
591
53
610
684
39
533
242
484
888
22
527
887
925
784
274
801
63
785
439
404
181
442
514
881
927
81
304
154
247
520
133
883
101
914
677
687
806
718
9
535
904
540
273
149
221
132
832
111
673
254
688
231
617
252
883
854
618
259
947
393
99
785
863
292
465
232
66
986
885
8
745
327
499
731
793
429
514
634
171
642
75
717
333
683
287
136
966
33
370
241
534
130
646
845
664
963
30
690
741
681
336
823
917
295
829
952
276
9
120
662
488
286
400
619
227
173
540
419
233
583
106
38
750
578
469
570
509
965
793
789
233
351
475
432
746
587
713
862
575
854
883
924
698
824
389
740
204
896
779
785
661
98
736
527
8
796
586
322
369
503
917
876
460
121
474
741
491
903
108
834
628
199
816
504
917
571
222
466
509
354
824
695
800
272
637
167
230
822
899
587
528
765
455
748
496
555
466
443
389
88
186
88
16
506
265
415
406
348
591
348
665
797
447
879
565
165
80
938
325
490
954
72
143
297
291
680
659
889
845
22
3
240
902
179
855
481
452
875
152
717
723
412
638
742
132
150
665
427
219
262
616
581
533
988
538
145
396
605
895
798
305
707
649
694
637
215
580
633
604
233
327
308
278
430
439
113
251
233
359
376
843
132
77
363
671
757
692
176
775
734
481
23
601
396
292
211
859
553
965
374
981
373
976
644
86
696
543
266
113
666
419
423
755
779
55
936
556
294
225
746
88
904
29
544
105
943
863
589
451
741
133
355
36
172
687
298
285
811
420
124
185
974
850
413
329
349
857
847
49
315
109
852
243
718
687
429
686
478
703
239
290
942
807
173
163
976
679
480
240
645
88
956
487
18
623
148
918
822
185
454
888
224
101
96
907
133
523
50
778
967
183
877
668
849
393
377
704
894
988
788
338
226
849
910
751
144
823
698
393
491
65
735
711
128
29
725
876
472
988
450
491
748
635
28
260
73
453
769
717
51
714
330
560
109
521
246
509
934
933
666
468
607
287
375
625
681
800
356
236
772
456
730
83
659
576
799
759
435
80
609
416
57
606
116
398
915
613
511
597
798
278
761
860
527
685
297
74
990
434
139
205
501
762
398
296
86
825
770
528
378
439
239
316
990
580
432
783
687
353
230
588
6
621
978
892
799
280
946
966
467
999
605
428
70
245
922
645
11
275
97
445
635
308
229
750
44
999
281
312
606
945
888
580
433
214
265
977
450
916
895
201
452
628
478
172
203
614
713
511
924
961
433
352
849
860
496
504
641
707
996
941
339
41
902
923
570
582
266
847
684
749
729
592
197
789
467
154
617
250
256
64
735
727
61
293
25
138
828
359
207
117
811
921
931
140
719
164
319
640
194
305
851
887
679
757
906
877
190
458
500
923
611
118
607
786
849
769
822
548
948
160
412
104
292
801
497
392
181
595
795
792
484
732
152
525
460
598
24
176
869
359
247
182
766
515
728
981
418
416
621
861
478
78
426
144
90
129
346
840
430
956
754
123
60
812
1
53
915
334
169
491
596
430
647
223
773
205
69
597
123
174
249
641
76
61
287
426
666
516
498
367
620
676
439
621
310
308
930
426
529
401
434
625
86
195
783
890
323
743
260
165
552
894
959
723
411
937
934
89
639
943
260
570
515
749
160
736
207
769
550
679
618
283
271
54
310
473
684
867
757
237
320
169
893
717
827
520
271
942
402
498
453
294
516
958
665
845
64
626
82
279
498
9
321
961
500
39
427
925
817
237
215
668
157
694
519
886
864
973
371
497
993
992
376
20
887
501
96
415
867
79
955
729
593
229
996
461
685
631
118
578
963
646
925
998
999
79
625
110
626
380
124
109
886
856
757
982
417
572
485
383
261
290
519
252
40
901
573
749
503
67
757
206
173
417
874
17
866
169
847
937
703
882
766
45
493
692
967
528
557
751
660
121
90
47
673
356
730
854
913
292
884
110
459
443
292
977
324
503
978
103
637
507
400
171
261
911
202
91
898
397
31
34
113
610
446
283
717
92
588
964
828
798
761
725
308
405
971
651
813
54
923
166
616
727
443
147
381
694
856
862
315
162
573
785
255
812
181
329
688
761
18
19
505
39
35
51
941
585
471
