10000
8404
2268
6163
731
8657
6626
7634
4090
7942
5501
3361
9065
4221
9892
7785
2647
1654
5437
9256
5675
3785
6529
3313
88
1527
4328
3005
7291
2942
8086
368
5172
1242
9633
5543
9039
9064
8206
845
8446
1334
3607
2028
4197
1879
3628
2688
897
786
243
5063
8726
4922
2925
2197
7667
1001
3558
5652
9716
6661
5112
7049
1236
1972
2829
9074
9901
6460
4911
8843
9278
5411
9759
9759
9351
2741
6766
3292
724
6100
2698
2175
5716
4874
968
3007
7013
2953
8635
8150
5821
4052
7583
5305
1719
8535
4725
88
6185
3552
1595
3905
2158
9425
3638
575
1268
6749
7599
3184
7684
3472
5447
5701
4586
9036
3320
8770
8400
669
5354
5285
6363
7646
6143
3075
3217
8437
4316
3534
2854
953
9796
611
1202
6116
3874
2367
3856
1875
5954
9906
3829
2218
6861
4236
8475
3252
3600
7971
9706
9929
4024
1447
2722
2840
5356
524
743
8419
8486
8247
521
474
7439
4116
1406
3248
646
7508
8751
5418
1485
1444
9180
7334
5489
5032
5500
9304
7716
5430
4950
2671
8248
4559
501
6470
4025
5113
1147
8374
5480
8583
3445
968
8000
7338
2311
265
8615
9216
7348
9783
1539
4395
4379
6776
9142
7549
3073
329
9223
303
232
4676
5374
4801
233
2539
9788
59
7827
1088
7701
9810
1919
6087
1227
6039
3743
9747
2424
2553
7459
9149
567
1835
6360
5476
2208
9792
6574
8142
7150
66
9268
5436
2703
8866
4306
8939
6840
2489
162
1399
4593
5565
3563
122
9812
2704
8172
338
638
1170
8738
2513
2639
4487
3558
9806
4900
1396
550
344
2446
8914
3614
5003
894
8180
9235
8619
2528
6853
7884
1421
1
4603
1837
1990
2079
9385
801
954
6971
8688
6243
5734
9261
7268
8473
3370
2613
4093
6286
3934
6889
9444
1546
3717
6656
7262
8625
5263
7081
8037
3957
600
5273
1377
1576
9310
623
9205
7090
1744
8886
3126
203
3601
7479
2647
2613
8652
3447
5967
2713
5186
3332
3212
5277
4446
872
4961
3359
5306
6664
6091
8609
3466
6843
1313
1745
1318
8858
9545
3427
3750
5361
552
7437
1846
1519
3025
4319
9176
3263
1455
5453
360
5699
7406
8586
4187
6954
563
6130
3649
7935
9707
116
3417
3086
1809
4395
9299
4322
8602
4408
9793
4736
1658
9918
4583
1066
889
5065
4690
3361
5136
8379
7413
6666
4861
213
1566
9099
7239
4014
8279
3923
5915
1331
4888
4819
8868
6123
8553
845
5257
1382
7701
2679
5793
6882
2651
2140
3378
793
1454
3808
5734
6026
284
5101
5726
242
4780
1710
5761
4567
9536
3288
8509
9185
6138
9552
6623
453
2347
3005
573
1247
2999
6571
7104
6652
68
3785
1919
6994
9201
5056
7558
5804
3250
2128
9638
9541
26
7912
5701
9024
7474
3730
4470
2770
6917
9513
3444
829
7534
4727
1768
2057
2057
1776
1659
2145
1398
7237
9941
6936
2253
5893
6739
4582
2443
5062
7782
5026
234
3564
4056
5374
7374
6772
4650
6282
8364
576
6473
3590
2021
8543
7696
8743
1056
9864
3974
6085
8182
9139
2936
8367
5559
5220
1265
9803
138
7269
1013
1502
7953
3327
1357
3124
6203
7764
6909
8525
1571
4044
6258
6148
6741
2505
6807
6589
3649
2377
8166
715
2616
9129
123
7819
9347
9345
1220
1184
9860
1423
2181
3916
5012
3859
4393
8759
731
1717
6354
1999
4734
4030
4401
7853
3938
5065
7681
1312
1726
2759
2158
5464
4767
2281
9539
9744
9638
2974
1057
1545
7900
4922
187
2544
6197
1903
9934
2075
9426
5306
7903
6661
3424
9340
5916
643
1839
4899
36
6754
8413
7605
162
6399
4464
2281
949
5955
6562
9378
8427
6457
4710
8824
2715
5886
5258
3140
6962
9555
7781
2008
5126
8674
6751
2842
9990
9563
1056
7755
4770
8249
6992
8791
9975
5398
6590
5931
8658
4487
7468
9774
454
5605
2712
7054
2441
138
7621
9465
4489
4037
1047
6916
7771
3961
3118
9914
8164
3192
6426
133
7200
8311
7469
7618
4080
8399
4702
4612
2033
9712
9721
8
7511
8625
2211
8192
4761
3544
7196
4447
5861
1410
7709
2112
3684
2976
8097
8867
7272
5695
4352
7156
7442
4226
2710
5241
9089
6206
8179
2617
6037
6338
3819
3748
5377
7937
1854
1298
750
2045
6369
732
8924
1857
9419
8897
9523
9450
5548
9606
7224
7844
1815
2814
8700
7965
9521
7009
2766
4120
6626
2428
1233
1953
5144
3909
3960
7000
5418
6904
4349
1435
3610
6579
2529
4468
2612
1515
4813
4012
7331
4153
2472
6954
4531
7093
7041
829
4705
7677
1148
4369
6046
3234
5578
753
738
5071
9808
8394
2206
3926
314
8248
3450
2569
9720
3568
1052
2322
9510
8008
2490
9184
8314
390
3255
8190
5559
3940
3353
8514
7710
5485
6860
5439
2148
2167
4591
1415
6126
3549
2827
8096
4504
1607
5828
977
2934
3144
3833
9274
4770
3268
565
7582
3732
9740
8168
6206
3664
1703
2127
1890
5464
4351
9103
5702
6770
662
5250
4832
9413
4179
5064
7258
1293
7452
1470
1792
5742
2849
6060
9447
7237
7475
7080
263
4457
3151
2473
7319
6176
7467
4758
340
4751
9916
9468
2573
8890
7745
1118
3022
6185
2672
4999
2647
9787
8331
267
9513
2020
8463
7579
8524
6658
6297
455
7008
1630
3748
6654
4046
1197
3091
9842
5801
7478
391
118
8055
6798
9614
665
5878
2671
3242
2812
6221
6103
1785
5695
240
9084
405
4634
9967
6894
5850
151
8380
5285
2559
1133
1383
6825
2483
9910
1703
3537
3062
6514
2471
8115
6177
9493
6571
6602
1074
8444
9374
6341
4552
8589
7786
8123
7528
5788
8258
253
7194
5290
7727
2484
6707
6871
6325
3146
9039
1848
8626
6372
9338
7140
2563
732
5724
6920
3506
3614
6847
3675
415
1144
7822
6955
5354
8596
9900
2550
7371
1698
6701
8293
7790
1214
6581
5203
5982
226
2587
5067
221
7892
7018
3055
7469
5615
4500
5637
8862
3039
3827
1372
7076
5430
2078
8780
148
3708
5924
1675
8716
6259
9400
1564
92
1640
5561
6546
3653
4085
7404
8195
6364
9956
6024
7591
9706
6286
9342
1008
2595
6546
7507
7507
3313
7809
4876
884
1533
2421
2101
9344
5258
8194
9006
8372
5422
9477
7778
2939
4445
7865
1621
820
3732
616
4873
2226
7678
174
6029
1564
4662
9818
8771
3989
8314
8958
9852
3479
5769
3493
9011
4312
3225
7012
7410
8543
5207
1305
7621
9456
3196
16
7705
8338
3736
7749
1568
9761
477
3123
7061
79
9307
8843
8774
614
3443
8736
3379
1705
7131
1583
753
2936
1869
2413
4378
5650
9388
3768
4437
5669
2180
399
2446
7265
4108
269
7106
9354
9627
4689
682
2188
6500
1945
3585
1481
3280
3069
8675
2878
1831
1608
7908
7764
8122
3504
1290
3602
1663
5655
3576
8015
5594
3402
7191
6357
3381
3095
4227
481
4060
379
4736
55
2743
5609
7832
531
9061
6055
4050
5178
6689
1650
8543
5167
8228
4114
9684
1889
4759
1161
2623
3009
6402
852
2057
82
9958
7796
4311
1577
9332
5494
4476
9252
904
8750
1886
5191
5397
3603
4003
8529
9534
4115
4504
5725
4527
6967
1965
6724
7654
6850
4929
5840
6560
1827
9574
6956
5844
7130
1281
2087
5478
502
2496
8663
234
8892
632
7258
6566
4997
3514
8679
7058
6255
9393
2707
9902
9363
1498
5296
1072
3574
80
4528
5832
1433
3124
2935
4962
7835
6
1070
6408
8015
2626
4548
4609
7736
6713
8367
666
1520
3435
768
3712
7176
7374
6949
9271
8666
6622
9559
9401
1962
7073
6628
2094
4731
7509
5207
8837
5550
9945
9219
637
4005
2293
6815
8114
3221
9958
9867
7943
4778
7178
6912
5100
7876
8948
7126
6972
2943
541
447
4518
3809
6456
5968
5894
1261
6335
9968
6992
7172
3295
1897
7208
4267
4381
2972
5328
39
6691
5521
1439
1125
7691
700
7946
1398
2263
6298
6610
1416
7707
2555
6987
6224
2200
4890
9076
8482
8565
2615
3639
5219
6492
5717
4846
6070
6494
767
2480
9347
1572
8614
6407
4982
7491
166
6447
6835
459
5862
2206
5463
5260
62
8218
1545
2678
3555
9419
9472
7419
5438
975
574
7155
2363
8867
8570
9836
5676
6133
1515
4860
9997
9347
6368
5333
6739
1423
9933
771
1998
978
3088
1909
430
8249
962
8661
1249
2305
4937
4934
7738
3355
1817
2633
8782
5099
9482
1852
4375
851
9845
320
7019
263
8265
3237
903
3277
9306
8036
9525
5555
2185
8088
9453
5292
7550
6650
2040
8136
7602
2248
5327
8895
8361
3858
3682
618
1340
240
8597
8047
1909
7603
7860
2791
3603
151
3831
8573
2894
4417
5680
1461
5364
987
8433
5494
5842
3945
5003
1510
1038
9463
5026
8432
3809
5521
5804
5956
9410
2622
9432
2044
2797
2698
3099
2135
7619
9615
2085
2180
2731
5295
8338
2268
5478
5313
3773
6363
5152
2565
8127
4253
3571
150
1509
8130
6773
3195
2271
605
2977
8393
4725
9903
5875
7193
3636
4394
4301
3121
2758
5045
9975
7858
5232
4491
4467
2574
453
7568
5918
8564
5703
9266
147
4489
4429
4983
4618
6900
353
1753
8157
2709
2448
1419
2858
9379
7732
1942
1845
4770
6399
9172
7413
7614
3965
1096
1951
9750
4284
9048
1680
2071
344
2009
6707
8132
1535
6918
4658
671
2131
9020
5017
775
7166
4516
1271
8766
3327
8429
7742
8917
6594
9174
2105
3014
1134
1094
3629
6478
5336
4744
6648
3557
5781
9830
4279
3211
3949
240
6531
7633
7179
7017
827
609
8705
4463
4061
7707
2312
7957
3693
9934
4645
7502
3752
4479
4135
3288
4835
7032
6492
9987
9052
6352
6995
6493
3682
6019
9213
9931
3777
254
5309
1206
309
3417
2286
1311
8352
6577
1028
5632
150
8737
9130
6129
6837
4108
187
5044
8355
10
6828
9917
4527
3501
6662
5233
9145
2238
4721
2698
5646
8681
8268
2389
140
3378
1674
9273
1764
6050
9878
7011
6221
5890
7735
8258
7556
3570
7230
8972
9297
919
9180
2507
1638
5471
7857
1608
2529
3442
7039
3810
8256
1687
1517
1803
9636
3151
2839
4320
5293
7394
1059
5154
8261
9589
6798
262
5466
8085
5557
3701
6115
8819
7120
1664
3923
2187
3208
4997
8219
8434
9849
6694
2186
155
4131
4972
2032
9751
6187
1016
3632
1767
8110
5617
4644
4943
9477
815
6266
344
7795
5267
1243
1410
6124
4129
2188
7685
6656
8827
1342
4914
6837
9019
7665
475
4067
5084
7365
3419
4696
2982
4752
4803
1820
8372
284
8002
3390
9316
2008
2416
4093
8938
7086
4984
5908
3617
485
9216
4365
4991
4061
7750
3206
6132
4439
6824
1680
6079
5943
5936
628
829
7058
7387
1472
7407
3569
1092
6879
679
3384
289
5655
6254
8912
3769
7900
8757
9760
4257
4594
630
7771
4994
3071
5446
6402
7017
1311
5385
5306
8283
5441
7378
6616
7250
4335
6438
8585
7480
2987
9420
9439
7343
7252
2499
261
5082
2120
4751
5203
5740
3075
9922
9741
9435
1846
2771
9142
880
2883
1646
5890
9614
7333
1160
1960
3101
1436
1485
2439
994
4758
935
1120
1277
1481
7501
8096
6574
9068
6006
4769
7892
9238
8376
359
3428
2606
1490
4949
6658
7105
3042
1122
63
9282
5443
854
3232
6988
375
590
4038
963
9357
495
1855
9417
5103
3175
1049
7500
8827
9647
174
8748
3884
3756
1152
3931
3540
6293
7379
685
5320
8927
8497
5662
136
9092
4766
6803
874
9171
3257
1384
2737
1104
6699
8553
6911
5564
8911
2620
7924
6847
1134
7035
2978
9986
4837
6192
7839
9321
5110
5018
7462
4013
6936
7468
26
8568
6572
1299
9512
5177
5485
9688
7384
2088
5059
8764
8223
9028
5476
3808
2853
6439
9287
4407
7502
6923
2311
9315
9703
8661
8832
8668
9886
752
2505
6111
7790
1957
8221
2099
806
7430
9464
1399
469
3450
6939
1095
7429
5154
4845
1821
1089
2666
7566
5923
2835
204
1096
8167
6623
5902
3028
6024
7590
363
4278
5021
6039
8431
5319
4021
5288
3516
6077
409
2733
6986
8441
2813
2179
6348
4300
5525
108
6189
326
9220
5719
5464
1949
5648
1531
4775
6119
1506
1232
9636
9557
4265
3194
9643
5468
4318
8050
7504
9760
7745
9459
8349
6095
2451
4302
6676
1495
941
7851
1027
5685
3310
7149
6853
5547
5298
5120
6372
8797
4541
4097
4893
9497
9335
7578
4972
3312
6497
6920
934
9381
773
7899
8294
945
6652
5274
1583
2161
3338
1377
6272
5821
1939
5816
2437
5653
3489
4705
5658
1257
5501
9709
7498
4166
4843
1563
7862
7160
2194
3854
9986
9345
7352
8378
601
9860
6061
4075
2880
734
8926
9314
744
6386
4970
3917
3053
3679
1009
6738
4364
3985
1591
8968
5425
4256
1432
8658
2366
5496
4934
9736
4167
8406
430
4675
4714
2124
5721
6421
4237
4082
6910
6147
5936
7401
3493
2561
7233
1613
5174
4920
4238
134
863
6054
3781
459
6660
9570
5367
4260
9233
8618
7531
9530
7595
7963
6686
4077
6405
4620
7480
7329
7487
5704
9323
3254
8504
7782
9573
9043
7812
6550
4916
9711
1720
4922
1273
3019
34
6751
5365
6719
1590
9959
9520
6640
2947
2853
9560
5386
8565
5156
6694
4544
195
8371
4077
7021
2248
7921
588
310
1759
8945
2963
9806
5015
4442
226
3541
6614
1566
7756
1406
4938
3957
2122
8764
6507
9701
5580
1608
1804
9600
1243
8817
5520
7514
9962
2817
8649
8902
8123
9400
651
8684
2958
4872
6223
6825
9827
5212
1940
8051
9505
9813
4160
1222
2879
8242
2421
9840
9727
9323
8734
2438
5771
2746
3192
4081
4407
3543
5598
7225
9558
7807
876
9164
8681
6704
8453
3882
1986
3395
7408
2128
5719
1335
4125
2848
7841
2806
8358
2729
6836
6486
3536
2088
9945
878
5505
7707
1111
7474
5259
861
6257
9998
5750
1796
1880
7979
2700
2931
4065
5585
9678
8235
210
8921
1492
3877
8757
4428
866
8485
4639
78
5718
7084
3418
4449
2861
3436
5999
248
7173
9752
4351
5497
1981
9160
1136
4813
3529
8630
6933
7127
5122
8696
2422
2782
2682
3514
9007
9337
8397
8935
1332
3430
3171
9092
9586
6327
9746
8329
8945
1226
2208
429
9654
1412
6598
989
5604
6265
4704
8120
2722
1850
3712
7802
232
8459
211
627
3075
7376
4763
1219
7992
7204
1372
1093
2805
9061
3874
1109
1091
5135
7423
9423
1480
9683
5091
8326
6969
292
9428
8573
6828
6575
3357
4997
5467
2132
3298
1396
6532
901
1201
1678
1182
9225
8100
8755
8871
5022
2115
8997
2392
9961
1783
5396
5322
6539
5561
6999
9921
5698
6761
617
1510
4168
2859
62
6115
156
6843
4017
4024
8428
1569
6059
282
4204
6320
9666
4491
7765
5000
3804
2053
8365
3595
862
9711
6798
8669
4677
6386
6886
4532
2416
6566
7787
1679
1864
6917
5033
4803
6622
5185
8633
8048
7183
9601
4191
5155
358
4486
4672
8949
3582
2844
6174
8112
5346
4765
3906
5345
8996
2735
5557
3961
7862
526
6363
7373
8296
4628
4652
9918
6590
4788
1936
787
6221
6966
9863
7266
6595
5276
1618
8973
5168
4659
4385
5785
8260
9510
6698
6666
342
1693
6019
5115
6239
7170
5868
1593
2481
2612
7980
7967
5095
9060
7846
8988
2378
5341
8903
5264
3340
6225
6223
1670
7813
1950
1082
7035
376
767
4602
1485
994
6287
3923
9742
7886
5400
7234
7544
5575
9289
1307
8378
2907
3527
7182
3249
7945
5514
9668
7106
5159
7960
5964
2467
4194
4991
3085
6857
9618
2700
9575
2700
793
3081
6730
3047
5801
8754
1810
460
4079
3080
9054
8420
5088
9727
1820
8388
6350
4386
7490
9835
1830
8678
139
4920
9546
2204
3053
4056
1798
6976
3763
2925
7425
159
5836
954
6066
9365
4542
2250
92
4036
1624
97
2472
2513
2148
9419
8286
4456
6261
2176
1695
4719
8594
6025
5601
9128
910
8556
1080
6433
2964
8914
9454
8037
3948
1850
5983
8853
924
1047
4195
2785
1326
4276
2856
7168
5562
1528
8124
5264
8064
9941
84
4535
4420
8298
3596
3864
3302
5096
8220
5569
8508
8097
1378
4384
1551
6524
82
5286
9903
5733
455
6164
7236
8466
3572
4402
8210
1441
7468
495
5384
5948
5610
3282
1397
4911
4654
8222
4791
2304
9349
6437
481
2924
2276
6259
8488
6227
6672
5451
6907
9162
4060
2048
8125
4526
3760
5161
4129
4680
2643
6215
5008
6284
6949
803
4601
9963
3020
5472
8854
4505
3481
8656
5718
5561
3749
1571
6525
7988
9437
1306
9188
1624
5543
7225
8798
5437
7088
4138
5737
5027
4852
3838
8157
1879
3833
8479
3044
9924
1129
2722
6022
791
554
1992
3360
7563
2411
6291
7968
8050
509
789
4927
3141
4923
2579
4619
1186
6056
4985
8208
9877
5908
3272
419
7506
3130
1226
3595
2910
4825
1782
7356
349
909
7775
849
7317
8842
3591
4197
5394
2244
8352
4654
9651
7981
6851
1207
4530
8508
3402
2361
3329
7702
5383
2501
8800
2652
5656
9760
3723
5009
9266
476
9647
4486
1818
3710
2349
1204
6851
9569
2311
7766
4321
1031
4248
6912
5820
5847
464
4783
9920
616
5997
3599
4657
9032
6565
4771
9740
1625
3088
7540
569
8217
2354
377
765
3068
7622
3456
3771
4152
598
9270
2202
7165
9735
9465
4658
671
6513
7207
7040
8641
6188
4386
218
2640
2886
1283
8636
9833
1697
6871
3088
2552
1802
8938
8171
7886
8707
1855
708
6430
6691
6858
241
1652
691
1642
9354
1890
4841
6438
4302
4649
7937
8035
7044
6080
2631
9839
5658
9780
8450
7933
2377
6540
7258
6141
5786
4008
6362
9719
7169
9430
8641
8900
8215
1088
4162
2410
3063
9989
2475
6642
3934
9922
9346
4023
7445
3293
6763
3645
6714
9854
7287
9051
4026
2619
2743
5766
4556
8862
558
6828
535
4933
1220
7402
3075
2133
2551
4794
3421
5020
651
1037
6324
514
8706
513
4480
4043
5639
7999
8002
3532
1604
5812
7398
4199
5876
6665
5430
4724
515
2481
1880
4750
1921
3950
7928
104
4325
3457
5600
154
4974
9100
3363
7468
6469
7045
8345
7357
3166
8346
5396
5520
1982
5964
6162
9140
7638
8810
1643
479
6765
3338
3786
1974
5084
5253
8921
6172
2210
3248
6453
340
4696
5907
7024
6452
3119
1848
2005
6792
5
2466
9814
8112
8791
8920
7857
2888
4736
5228
8097
866
6640
8428
4785
1057
8808
212
9259
276
2961
6941
7919
5566
108
6774
4047
382
3828
1134
7079
32
464
9579
7914
7935
692
1691
2951
6181
4775
20
5866
1648
7200
5290
3903
2323
3513
8333
5570
3462
5574
8539
6114
2875
9055
8633
7620
3343
776
9242
7219
4648
8305
3593
6068
7505
842
2265
360
7967
1327
5095
4747
2271
2401
712
2794
975
7876
2389
5873
5925
6357
223
3330
5696
6964
9280
1522
1145
6847
9952
6077
7509
5439
6096
4138
2586
1691
3879
5033
5467
7210
1911
8104
9714
9719
587
4309
9465
4653
5247
974
7318
6209
3116
9364
5568
8703
9023
5854
4002
5229
2292
2074
7515
9516
9716
8046
5294
8444
9432
5645
7805
6735
7481
341
8206
1702
1782
5012
711
8343
8113
971
9931
176
1687
3867
4833
2326
4665
6172
3133
262
91
5869
8333
636
5817
1221
7474
6514
1393
3544
9369
5328
3617
9509
1893
1698
1246
5084
1147
983
3886
9789
1434
3797
8323
2619
9012
8970
8468
8672
5966
8782
1689
9098
5408
3572
7154
2131
3593
3983
9141
3566
1330
833
1251
5117
8781
1679
3478
2160
2746
7888
169
1176
7781
3492
7892
9417
8272
9250
6050
2430
6089
1897
7857
2294
2967
728
6629
9740
5670
2665
1801
2452
1133
9367
4355
9313
3160
8833
6179
9732
279
711
4568
2719
8386
6449
2479
3640
9511
1327
2793
2281
6258
779
695
4884
4360
9675
9236
8707
3951
4162
2032
7373
4605
4854
1765
6917
3772
4252
5208
3261
1319
2207
4221
4040
6052
7376
7047
1548
4830
888
6347
4166
4525
9240
3567
856
628
737
933
9805
8919
6288
8142
8286
3335
3809
6717
8829
5052
8500
2185
4493
4062
4669
6814
4885
927
5573
688
5274
632
1855
7901
9353
9647
7749
8366
9078
7826
4432
826
78
7171
5430
5400
2409
9263
4877
6990
7932
460
6702
1403
7835
2479
7365
157
5515
9224
6165
7039
820
3915
2648
2947
9238
6907
452
6520
5763
1620
4361
152
6330
4853
3863
1889
9700
9945
5373
7358
3783
6193
9436
5857
7880
5775
2234
7967
6989
6897
3538
4744
7408
264
2376
929
9968
2405
3642
8272
6994
767
4690
6467
3893
2387
1129
4510
1266
2792
1638
2639
9794
6029
5043
1519
6169
6802
2112
1512
5633
9040
5169
1677
6898
2566
2434
9803
4940
337
6412
6522
9751
7751
3887
9215
8722
4047
1295
8706
8088
8353
1931
6710
1088
6566
9624
1802
9107
1259
44
1788
1865
7752
486
7461
5244
4119
5339
6772
5230
8867
3564
8123
2183
2879
9395
3088
6534
5999
9692
97
664
4199
7601
5640
263
1823
7373
3782
6042
7615
7474
527
5098
2205
117
9601
516
5296
5447
3938
7082
9807
3551
7974
7653
2843
4931
186
5269
1894
1078
7008
856
5151
8683
7847
7465
1756
2391
8261
3920
642
693
1604
3816
5299
1939
7111
1181
2724
6777
5528
5444
2426
4890
7615
5461
1793
9651
9024
3779
7993
6320
3266
188
7885
9534
6504
7435
273
827
6190
347
9191
889
3985
1846
9806
2098
7755
828
5656
9078
169
911
119
431
9579
4395
9571
4533
5864
8307
4778
8622
6364
2918
5396
9837
4367
7217
6210
3419
5266
7678
291
1379
6136
634
2051
2839
8175
7748
4864
8417
2731
1904
6617
116
701
2012
2598
7808
8549
602
3631
2051
6705
7468
3962
4701
6384
8254
7331
397
2903
1053
8554
7623
7263
406
9540
7063
1306
8249
3311
4942
2272
1067
6951
6043
3898
395
845
3126
650
8540
9994
5829
6933
7201
5616
8369
142
792
9305
8531
4785
3821
2719
4424
8
7471
3431
5220
6653
2127
6522
7059
4973
4196
642
2506
9845
1292
2045
7595
3660
13
7009
2807
2221
2266
2061
6078
447
7249
3927
5011
8018
7713
4679
4027
5640
9336
5071
1651
7054
3626
6613
3713
4934
7983
6959
4563
7939
5027
4826
9988
5023
7569
3879
1005
5228
5257
435
9528
6325
7086
5969
1711
2593
1485
6710
9635
452
7031
9008
4073
6289
4559
612
7567
6431
1103
9570
8060
2823
549
1656
1381
5848
2795
9168
7451
8375
772
5238
9554
4870
7810
3867
7229
1071
6885
239
9829
4766
5118
1966
3576
4232
7505
5962
8158
4860
9657
4320
8183
4533
6549
4490
4209
6473
9440
8960
613
7137
543
2812
4304
2916
2067
9033
1072
2002
4974
3639
1108
7755
2562
6526
1302
3818
2933
3147
4069
9137
6897
6284
9338
6098
4664
2804
6588
647
6404
2524
9599
2542
9756
2087
23
2037
7219
8063
203
750
6123
8033
4981
143
8711
5234
214
8920
9229
3613
7909
7378
6234
9946
984
8401
3744
8108
1147
9445
6763
5671
2893
5507
8961
1547
8283
3947
4663
8978
452
7557
7664
6594
4123
2029
9872
4960
5307
5256
6527
6690
1125
3090
5962
9726
1956
6150
6083
6244
322
5689
6536
8916
1155
7667
6209
6926
4879
3003
1635
5077
4734
5870
7922
94
6603
1179
7619
8843
811
7486
5327
8990
1623
6535
6307
7964
6292
8406
4020
4288
2388
5270
5969
3209
2262
1347
321
642
5176
3577
8154
811
4508
6938
3299
1353
2953
2780
258
375
9464
6621
1615
8343
3103
7411
7258
5145
2939
7381
6488
1718
310
5327
3256
2345
7704
7910
8851
6443
4761
4521
2002
1754
8868
9151
1882
8646
9416
6147
4274
6024
5960
2825
4085
3839
6274
5420
3315
6759
2381
6389
1474
3336
8619
2170
5249
8489
9342
528
9885
4975
3847
6751
589
1990
3081
3777
2664
8138
4044
8310
8935
4450
8942
3799
5140
9482
820
3220
3473
9580
3630
8908
3014
5658
408
7801
738
4251
9404
4518
5010
6304
6981
2382
7216
2897
431
835
7779
5144
6266
5351
6276
618
1629
570
1169
3005
7496
3488
4618
1867
1649
3950
4920
3170
2352
4305
2461
5173
838
8572
5175
8786
3672
9820
9759
5712
6218
4089
8462
1717
2006
4411
9790
274
9243
5094
9438
2876
2738
9316
4608
2984
1628
654
7276
5330
664
5207
3464
8889
2673
4244
1247
8666
8099
267
4557
5480
3982
5224
4957
7653
2275
7910
2953
1904
6811
9856
6961
2363
1639
1412
5128
7895
3554
4864
8727
750
2499
5373
420
5389
8559
116
6638
8588
8795
321
975
8780
4015
3619
7460
5932
1909
7484
4697
3639
9313
2924
5037
6125
2491
532
3413
6476
2823
2905
6125
6588
6406
8024
5896
9620
2901
7856
3816
6972
2819
5856
2921
144
7745
6126
1816
8061
3538
1217
3778
3179
3025
7708
9415
3175
9697
2120
909
2300
7503
2876
1728
8878
2692
2172
5687
2354
3944
6475
8162
3469
6256
2125
9279
7656
760
9742
8140
3725
747
2217
3735
1600
3791
9126
4370
477
5550
7940
2690
1642
6094
7742
6950
7960
2018
556
4148
2460
8906
8617
9359
2580
4742
3261
9541
888
5224
4278
8789
1279
1206
5080
6749
7595
3791
8926
6866
82
2133
987
2873
1018
5720
402
3522
5791
4852
4622
4740
7556
673
447
2147
6181
5720
7042
9038
7204
8357
4283
69
792
615
177
9032
7358
645
3895
5579
4331
8571
2675
6198
6015
4337
556
6744
231
7261
1749
8427
5952
6527
8976
9890
4083
7082
4609
2335
2033
9363
9200
9650
636
3905
5706
5932
319
8661
4053
3650
5403
979
1534
316
4880
1614
5441
8861
7444
2977
8452
5533
2499
8314
7585
5617
9859
3889
846
684
2226
4182
9946
8783
7438
7401
7558
4109
3345
3363
1965
8058
1175
594
9729
2241
2446
9233
5060
6403
5993
1925
6097
3693
7489
7604
6277
9779
8472
7009
4300
9401
5147
5986
6556
4561
659
2691
9784
718
1608
867
4738
9207
9891
8251
5553
3735
1662
4463
5754
7537
1627
3133
7854
1840
414
8515
9184
8877
6343
7949
1297
2138
5312
7147
4010
6171
4047
4977
3701
5892
8872
2297
5257
7949
6675
7859
9136
51
1813
6796
4742
5256
4702
9516
4528
6762
7710
3641
5863
9041
9572
3722
6064
4946
7829
6134
2777
369
7125
3402
8529
595
1734
3177
821
6465
5210
8109
6979
7480
678
9612
8412
1534
4773
9879
6347
2991
2533
7772
1725
4261
6483
3563
1404
4662
8318
2917
1180
2583
6522
7472
672
1295
5044
1383
6298
9286
5725
9534
6046
6140
565
4916
1585
5430
6757
897
5251
7842
1352
8367
1318
252
3735
20
4442
602
6112
1325
7895
7362
6130
7223
3590
5419
9528
4663
6573
64
8271
3450
4789
5217
5702
1334
2281
6740
6145
6319
4092
5449
1626
37
4391
395
6757
1083
5615
1522
2989
6259
1807
805
5472
3396
8199
1996
3284
365
8097
5780
6773
5300
4683
5212
2557
8839
2998
2668
3086
740
6458
7574
1711
2276
4804
6372
3744
7617
7325
3185
2363
1369
104
4100
2313
4731
1975
3766
8190
3790
554
8325
1075
2592
1398
3585
9630
7548
1150
8275
4576
2357
2337
2606
3739
4831
1280
7229
8573
1725
9497
252
6957
1732
8324
4579
8881
6223
9530
9197
2074
6988
8573
2839
5293
7363
6601
4691
1118
4183
469
7116
7403
7589
6293
8628
1426
9850
4655
6778
5392
8769
6551
8775
7623
6857
7706
8695
9755
8276
2836
6789
9306
652
1790
590
2278
6753
3735
4888
3696
8158
9806
5788
1778
1977
3369
4542
3560
856
2501
2125
4012
8305
9515
7606
6190
2458
4475
755
3116
2095
6440
6577
947
1042
3072
4015
2626
8109
1862
6514
9063
6131
1965
421
2201
2948
3731
3630
8770
9439
4711
6908
4150
8818
7673
3116
1332
9741
3741
5467
9320
6100
2460
3926
6826
8243
5095
77
1559
3148
6168
4342
4889
8891
871
2493
7254
3323
6917
1401
6098
4994
1865
5770
6946
2295
8181
1887
1055
740
1684
6932
130
3990
5970
3224
1762
2033
615
8364
7639
3937
1010
8072
8938
491
2415
7528
5547
6818
9428
9523
4846
5957
4686
8828
1683
597
9682
3057
1025
9413
3282
4401
8671
9242
1935
347
1967
2866
966
337
311
641
7048
3771
7004
3222
1753
5000
6141
5100
37
2272
3049
9500
4394
4676
607
976
9302
8775
6816
9602
2814
9894
291
3139
6311
9362
4517
6808
3781
6015
3738
2847
9838
5828
3092
3903
5226
4659
7007
6845
8426
2723
9815
827
9553
5400
6231
555
8355
7829
7407
6993
8121
4215
8609
9238
3966
1778
6312
5465
9898
9930
9589
2784
4408
2440
5287
732
9669
5932
4182
1178
744
1329
4413
1062
296
2572
3234
9962
367
9134
706
4292
1305
8729
3294
422
7256
5567
4092
9991
296
4646
8700
8343
9530
8904
2920
9423
9999
3751
1798
1095
7411
8014
5565
5553
8915
3618
3650
2274
9692
4071
6814
1345
9538
8111
9501
1448
5065
3773
5830
7384
7748
7064
4514
825
6088
1627
7547
6398
7707
169
1858
1527
8910
9358
9389
3472
7957
1888
1115
6647
559
6660
6949
2939
406
7917
9044
3263
3317
7616
9657
3438
2977
6883
8108
7897
4197
51
8996
7612
3166
2389
3951
8078
1007
3764
2000
1607
9154
601
435
8076
492
8121
2701
6134
6572
5960
388
928
4192
2827
1208
8111
115
5147
6750
332
3607
9174
9687
6189
7083
9295
1185
5938
6185
9957
1705
9322
4319
5218
8764
9142
7671
5626
4713
2581
2245
4851
2276
1551
4109
9411
4169
3902
2207
357
7819
1381
8256
3766
2137
1236
6582
7228
8635
4996
7215
4405
5055
7709
975
6861
3066
9768
6324
26
4397
6718
1559
9170
1702
6639
6770
3004
48
1102
4936
2900
8840
3321
1414
3991
3100
3575
7732
1422
6258
427
2359
184
4099
9093
5110
9568
6482
1543
647
5886
3197
4356
6182
5689
6207
4
5777
3178
2911
5253
4995
7868
7464
2300
9435
1791
3478
7241
6344
347
3498
6888
2819
4770
6698
1540
3385
2366
4616
2070
8516
3194
4061
1739
9285
2813
7138
83
2448
7936
5371
6870
4099
5377
3105
2113
5284
8784
2154
4254
1575
2055
8230
7250
4409
5750
873
5615
2459
1404
1552
6458
2910
7858
5874
8647
7000
6593
3445
9568
1313
8804
6569
676
5629
1976
8389
4397
7973
5759
9244
7866
5092
7204
7403
3050
651
7097
1122
602
4001
7037
8621
6134
9355
8345
8206
3724
1636
7849
5497
398
9049
2920
7884
8869
2451
4964
1448
6931
4338
976
7872
9073
5747
2088
2141
1367
2798
1727
9739
2154
8830
1781
3844
6687
4845
8405
7399
2094
7788
2218
7813
9713
2860
9505
1592
9420
8316
3337
3440
3767
4159
9111
1706
9847
9817
3862
5359
7067
2230
7196
5623
5761
5671
5928
8457
7496
3610
1336
1888
609
3988
9542
6139
1167
6750
4146
8065
4765
8538
5163
1486
9822
3024
3607
7247
1392
7689
4963
9254
5930
583
9572
2555
7876
1871
7803
9775
5926
6244
2230
5213
3625
5361
6068
2624
2601
4803
8401
1451
5404
5201
1711
4969
940
296
613
1186
2768
4231
8657
1782
5049
4148
2330
5913
1224
6842
4257
1147
477
144
4469
8403
1818
6278
5157
8999
7333
3854
2624
9306
3197
8949
2472
8179
3956
1309
9845
8742
5483
7496
2966
4770
7739
595
2355
8854
9519
1117
2286
8928
1328
7906
9591
9092
584
9560
815
8789
4503
4245
6004
707
1204
5291
587
1857
1163
1826
3515
721
2917
7456
5718
2783
1141
9831
7443
4231
3551
6363
8054
3156
1603
7966
6962
3542
7959
266
5141
110
2082
3611
2529
1017
1461
7366
1050
2727
1252
6730
6651
6135
3954
4834
4323
3745
7387
6371
7261
9487
7738
9128
7982
9704
9675
1320
1272
4571
5643
6849
6827
4917
7195
9571
5914
5264
7540
1595
8251
2984
4660
4762
6424
5306
6982
8210
5747
8427
3936
2205
7575
4722
5222
7433
3721
6963
5836
8724
8077
4281
1432
7840
8053
5199
2742
8291
3300
748
9509
5197
1009
4137
798
1815
7463
6783
9733
8517
6729
3458
8297
1159
4403
9140
9781
4610
7180
1415
1769
2085
4471
2563
1106
3195
4312
5488
4853
1805
4131
5553
972
2817
6001
7021
9687
8643
9692
7435
9620
2622
5018
5081
6505
5526
4022
5129
5469
6117
5913
8553
1814
1873
4008
397
6190
2935
9927
3387
3135
2294
6171
2771
5805
6090
4909
889
2771
659
7691
2705
5317
2545
8152
8325
5044
9726
2084
854
1185
9017
454
6348
4073
1418
4197
5420
2238
8679
3670
9941
2678
4994
1984
6855
620
428
1035
2193
6373
5787
3527
2757
8029
8355
9737
5850
9232
8932
6816
7645
2964
6175
5398
1350
8963
5350
8242
4034
5575
8831
4666
3554
3198
8053
789
271
4093
2044
2335
4329
6913
8175
1926
7963
6576
1159
4897
7740
7870
3785
2032
3204
8508
9613
3630
40
3035
4103
8275
3909
2445
9364
1222
4565
6556
8451
9968
7825
6741
8541
8379
8836
8892
9714
3498
7447
403
6130
8754
2862
6133
3732
1766
5134
5772
2103
5936
9177
2802
8914
267
2200
2965
5546
2526
2563
4916
1904
4515
7504
134
8804
3749
4854
3690
3082
7607
7917
6536
8455
5986
1045
9174
7384
7
1103
6503
6143
7410
6923
3151
7356
4079
9567
7489
4676
6919
6112
8105
7200
8034
8176
7509
4692
2768
981
7486
1642
1411
6498
7861
7434
1508
2356
456
1497
5702
8395
3027
2140
3016
131
8339
3943
5059
5454
8727
8950
6803
6159
5519
3574
2627
6518
9350
1089
9601
3491
7292
8037
5008
3849
4652
2560
7645
5312
7149
1450
1097
3862
7139
4767
7924
9716
9461
3176
9963
4441
3433
1092
3656
4565
9676
2392
5720
4436
1182
6000
3339
6149
1513
9776
1700
2101
4594
572
5263
5965
3769
9521
754
8677
8603
6782
8092
5011
7207
3058
1723
4932
6333
931
6026
9014
4433
3880
6742
5728
7279
2516
3170
3550
3209
8912
1777
2268
6060
4371
9504
8495
1265
7360
2150
7003
9535
9261
6419
7844
3789
1867
2054
5268
9029
4055
9515
5877
5812
8044
1553
396
5646
18
4634
643
1535
6823
9531
6466
812
5736
3123
4921
552
5325
1417
5003
4611
8206
9150
314
4764
7286
3041
4748
3847
3042
5169
8391
7353
4278
493
3870
800
9949
1623
4024
6704
9578
7448
4073
5384
8960
9021
3615
7859
9658
7950
2955
1755
1368
7039
3114
9063
5270
4672
448
7253
4427
3487
6560
6435
5163
8654
6457
4167
4473
4878
2928
9599
6509
9962
2838
3763
990
4849
1399
998
4764
3355
1215
2299
7772
3932
1192
3523
209
4999
7060
917
2947
1434
7779
6775
4495
8823
4050
3113
6059
3394
4832
6673
9364
758
7438
512
6134
5043
9155
1908
1447
2770
8345
7975
5584
4697
4551
84
1161
9897
4284
5049
1280
4948
949
3768
3014
429
8251
4056
2646
2456
6156
5849
8323
5168
6628
5205
8221
7639
1720
3777
239
6888
3230
4675
4568
568
6268
9373
4115
8155
1836
327
5430
8227
5081
8843
6612
9140
9514
2330
4687
4578
279
5948
9534
2332
7036
1877
22
9458
1417
4434
5288
3777
1107
1155
4983
2911
4955
3315
2900
7105
3897
2098
8296
4859
7621
996
6829
3535
3345
2481
4121
6950
2550
1581
5864
6237
6362
1555
9189
4183
6811
3371
3333
320
1691
987
9329
9921
8775
6825
7054
8991
7398
2222
3370
7358
906
5701
3700
1492
5878
8147
1576
7320
6125
2513
6343
1928
7810
4405
8751
698
4978
2463
7708
9002
7706
6623
1466
1619
4853
2179
1062
9769
8934
4142
4848
6114
4831
5477
79
8101
6156
9539
2801
5562
2223
6732
1645
1409
9337
1294
6008
7967
1825
1011
256
659
3620
6707
7512
8855
8601
9767
7024
5810
2815
6536
575
2010
8454
518
9248
2487
1431
4148
9672
8034
5681
6097
3808
4844
6017
4978
5858
3691
1341
8250
3684
1631
5725
1979
8828
6835
886
9622
2207
3167
1253
6415
5995
4811
1460
172
4829
7917
9180
6012
3135
9619
6679
4756
2674
7804
2640
9764
8068
8689
3834
3833
893
6066
1481
1596
3148
6298
3489
4887
1801
5556
5818
935
6343
8055
4572
1660
8568
6349
1181
3598
5324
2082
6948
3914
1288
7335
8473
794
6255
6005
8507
9299
272
2495
6557
744
6715
289
9694
3339
6801
1253
1859
5956
3495
4180
6164
3274
6774
9785
7968
6382
9955
7409
9453
9239
6134
7839
8736
5575
5289
7500
5973
7645
2431
8395
316
4212
1982
1979
208
8841
5898
4245
6069
6826
1056
7093
2413
4953
988
4310
9927
8031
7
2054
5126
4622
9968
3897
825
3119
4997
569
7804
9290
6559
778
9818
8548
6328
5500
2716
1107
6282
7002
2419
4157
453
7679
7310
5918
124
5528
536
4759
2876
628
498
8708
7738
8312
8312
4518
5928
4240
4259
1551
8340
4768
8619
6397
3502
1480
1094
1613
3027
5606
3953
5473
9866
7701
9721
620
8491
3843
9895
8521
6455
3328
1446
3996
4024
866
2274
4768
4133
6342
2575
5456
8178
6448
3267
2257
6210
7348
5553
1484
922
2046
3075
1850
2276
8395
2195
7287
1756
4922
8630
7961
8907
6333
5941
3306
5581
8521
2282
8737
1649
4509
9907
7952
2061
2752
6358
7718
4955
8691
7986
9155
419
4277
269
3132
8230
2997
9663
4661
6085
2578
2922
683
3148
5119
5749
3412
5279
5522
2963
9325
2351
5563
2245
7683
2728
3730
9993
6222
8954
6329
9996
6375
7779
3441
1315
1787
3141
5720
5154
1447
6985
8719
840
7731
431
5210
4295
4139
3025
3057
9155
584
7155
5076
4327
8990
8761
8347
382
3662
2502
5386
2484
9516
4875
740
4954
1691
2004
8311
944
8436
8619
6661
5330
9525
8632
5971
8082
9238
6198
2457
8638
3158
8242
3546
6477
9477
1522
1710
5563
395
9632
4539
5214
853
7666
2291
9733
144
1480
9414
364
9677
8241
7863
2046
6581
5993
4413
9800
4470
8019
4448
6982
8204
7087
2771
6908
2971
713
3937
8851
6375
9758
8207
8878
1767
8907
929
6840
2926
212
7865
7755
2809
3917
2843
7471
6279
6873
3932
7566
3954
7308
9912
9040
2812
9887
1394
4712
3476
8720
5990
5274
3944
4323
7163
5255
245
8586
580
9415
9881
9212
5269
17
7370
4549
4691
3770
7247
8345
7652
5047
892
1462
486
4433
2971
3829
1723
4549
8037
6412
6210
7524
9265
4420
8305
814
5843
9554
2990
3254
2726
613
7789
770
7796
4123
7716
1233
2369
4351
1162
6761
5608
6483
670
1564
2493
8182
9379
7558
4242
3954
4761
1238
3301
372
3927
4758
838
873
4324
6825
1367
2706
7350
5297
2652
2852
8561
6377
8593
8814
801
6149
2699
2808
579
917
7847
8932
4077
6672
9470
3188
3230
3314
5914
4040
4608
2404
8706
8113
474
4309
817
5239
6514
6210
9349
660
5280
1415
772
2651
1341
2354
7112
6424
8458
8768
6939
7302
1485
5446
1006
4103
7687
8750
8547
387
6065
5580
682
7856
2228
5372
2024
4649
4663
8139
6052
7551
4291
318
5948
9881
6515
5298
2180
9433
8423
3953
6638
2749
4456
9405
9781
2735
3238
509
8275
2713
5292
5778
9651
8072
9157
1620
1409
8604
3256
3134
4477
5513
8943
4242
862
5613
3398
6762
9283
9422
2430
2092
5189
8911
6145
5497
8632
1519
4752
7907
2336
1615
4999
9737
4816
3774
7010
2352
1614
1427
2394
8623
3651
1765
3256
6503
1534
3258
3418
9645
8520
8538
4771
6646
6882
4976
7100
9598
538
8253
8136
7092
2941
440
3814
2246
7350
9366
3823
772
2853
6946
4704
9859
794
3545
9025
6785
6193
4564
9795
7936
6552
7475
1737
4722
810
2691
2477
7407
6784
4796
9668
9093
1758
2585
7483
1500
8713
2612
2240
2212
8168
4109
1342
4910
5864
583
6352
7605
281
6048
7142
1095
2614
5627
2869
3235
7282
2460
4857
817
637
8975
3174
88
9271
1637
8556
6144
7931
8140
4201
8213
3756
7321
7208
3076
1582
8309
3879
9189
3867
1889
2086
3733
4534
9816
75
2655
9260
1424
7443
5783
5414
6107
4195
6419
27
8896
7996
5814
867
1490
9133
3562
5094
6714
7330
4216
2418
9557
7867
4727
4780
9708
8631
3360
94
5532
3871
6506
5118
626
847
8374
9951
197
7663
5465
7488
7263
7040
8769
2899
6473
7217
8246
1769
5026
4353
9615
9048
7948
9215
2270
9550
5380
8318
8009
7567
9452
2900
8454
3578
5110
1202
7858
7515
7455
2429
9502
7337
5333
6522
1270
8063
9431
5209
7903
3528
8072
6120
2813
131
2479
2025
7822
6567
9918
1470
871
671
828
2336
8808
102
9457
1982
3374
2126
9502
5667
2598
8634
6919
9152
4041
5388
318
2873
2696
9625
4509
28
6565
6616
7424
3755
619
553
8092
6763
460
8098
6976
2037
3189
7221
3415
8793
351
8317
7942
3299
4261
8967
6184
7366
1293
1550
7172
1028
7525
2078
2855
3696
5180
6186
8996
5978
538
6554
5477
2009
364
9340
2924
7112
3184
6314
7690
4343
4153
1004
5915
2066
6000
9076
92
2366
3319
7208
3755
2911
8779
7645
2266
2408
4870
9422
8943
4026
6621
3484
5466
3261
5485
1455
6227
7420
253
3339
7008
2730
2656
5278
7377
7619
5577
8901
5528
8750
7051
7775
1400
6206
9708
2889
1625
9352
1238
440
6916
4527
2458
3541
945
1354
673
1186
4059
5831
672
9643
3325
6632
4039
4296
5244
6956
3366
6750
80
7609
188
3270
1455
4869
590
7013
2280
5204
2081
3962
9657
8188
788
4695
654
5956
6556
1655
871
9883
4541
4029
7252
7445
1874
1805
783
8767
6266
8820
2086
7924
8703
6385
8148
7032
6436
5911
6379
6049
7322
8635
6241
4934
6719
6472
3716
9888
4372
4418
7514
4093
5961
7079
5993
7379
4487
881
6464
9889
1017
3849
6112
3601
9800
3158
3003
2570
1506
3154
3447
7938
6966
2173
5679
1713
3951
7867
6167
6225
9611
696
6345
8369
4438
492
2193
56
5128
3658
9233
6966
4263
1650
4978
8118
9194
2790
2504
2416
2188
5850
3376
6140
9833
2884
457
3473
8536
9363
6588
9323
4805
9709
7785
2602
2058
6800
2943
1159
2905
4553
9832
4210
9177
419
9103
2790
2778
3736
6239
1054
2086
19
4137
8193
2199
5605
8897
8569
5775
6278
86
6994
5591
5252
9212
9949
2824
7751
7944
292
4528
3557
8071
9080
7073
1568
4987
8182
6380
7981
7475
6168
3717
1905
1318
8135
9795
5892
7932
1119
4646
9847
9497
7291
5909
4097
8967
8175
5876
1173
4991
9380
1263
2192
4147
8653
1941
6990
187
89
851
3484
5162
5250
6059
5160
4140
5474
7138
9572
1054
8597
659
458
4122
5625
2963
6025
926
2513
882
2990
7448
2138
8602
9406
8624
2021
1720
1135
9314
6771
7828
5622
1878
2879
8718
3835
5182
1556
1975
5018
443
1919
5545
514
2028
7440
5652
6752
4053
1882
7430
4070
9864
1978
7494
8388
9394
5268
8974
6344
6404
4408
1762
8690
3340
8612
49
4080
5648
5283
7879
3609
9559
6051
6188
6741
4356
3924
4781
7081
1712
4845
8229
8449
5570
984
39
2485
13
8829
9131
9470
9254
4749
995
6402
1025
1077
3784
5290
8935
2690
7622
85
2742
1459
2161
5638
9669
5034
4850
1993
6898
4461
5490
4755
795
25
3233
38
421
2838
9059
8915
4716
981
2137
554
7287
789
2327
4430
7847
2101
9031
8388
4332
5157
2618
3097
180
149
3030
5267
3457
8303
6656
5232
6854
9936
695
9387
4574
8497
5915
8509
7720
3908
5384
7887
1843
9178
2195
8990
8354
449
1759
3863
7500
3403
5324
3394
1796
7930
7966
6748
639
5463
1301
2556
2631
193
7038
8199
459
2979
7269
8142
3152
2830
2325
9557
2505
6326
6126
3935
7006
3401
5586
8949
1788
2233
9628
8693
505
2731
1165
5015
4466
9672
9381
9787
6083
6897
1162
2030
4194
7519
1511
9356
5912
248
8196
3407
6333
9518
2750
5525
5695
2065
8692
5343
1166
597
8861
8054
4344
350
104
8233
8780
5895
7826
689
3197
3651
302
1797
9333
6331
7636
2281
2067
453
3929
3441
3283
6854
4806
6420
3848
5390
2056
604
808
4017
2099
8713
8180
3974
5683
7701
6882
5609
7553
1426
5162
8107
4895
5888
6617
3305
848
9419
4549
58
1831
7376
4862
2481
3034
2128
2445
1715
6530
4750
8972
2626
9938
7682
4081
6632
7746
2288
7193
2847
2583
1810
8397
2349
8656
6722
3395
5886
7552
7940
8995
8761
4579
7056
5156
4324
1454
7917
1811
9796
632
9529
1247
7964
8687
5749
8020
4790
488
5565
4211
8128
3095
2390
5498
8942
8663
6416
3605
4846
614
1530
2368
5832
7840
7764
1447
9651
5479
7888
8525
8037
4524
4050
8021
1443
1276
855
6753
7638
3098
1937
4325
7599
3301
9200
7286
8929
9701
9597
7316
4060
5912
8176
9841
2106
3635
9457
45
5970
1415
2747
4352
9547
8498
2252
3490
3338
9423
1978
1163
1980
4875
9248
562
63
7029
837
9412
8330
9441
1805
2708
7949
5496
8313
7289
4180
5312
7834
1576
1525
4340
7043
7806
5400
5760
8380
1418
6150
6027
8883
1414
8218
7472
4845
4080
181
4347
9546
2649
8350
8941
6806
2201
678
5692
7035
1916
4936
9739
980
8781
4767
9121
9565
5982
83
2408
8070
4321
3211
9764
3190
6806
1142
1485
7180
5410
3189
7787
6385
9752
4080
8446
1241
7254
4088
7223
3129
7679
5452
1111
3138
2016
7078
8050
8731
4546
9725
9966
1085
8587
1405
8158
8951
3920
1795
2054
50
6091
7554
9610
4063
5061
6916
279
7389
3793
9034
3918
8535
1541
2292
3736
2169
1717
3516
1499
9267
5982
3340
6872
5894
3708
3856
6365
2795
1096
7670
2462
2243
8305
98
7723
9385
5957
2766
6205
420
2653
6511
8979
1800
6291
7938
8324
1436
5056
8709
8960
2103
1670
3331
8040
3316
2167
3079
1862
6276
4977
1410
3097
7250
2182
9047
3585
3233
828
6675
5540
3890
2413
2058
3355
8434
668
6748
1709
6320
8485
2535
4869
9212
2079
3462
562
7419
8850
1271
8363
8615
2447
2299
7469
6500
9104
502
6882
8413
5372
6886
3952
8796
4551
1856
2619
7960
4164
6613
1976
8809
5544
4580
1167
5191
5389
698
9371
896
3807
8484
8354
2713
9094
1669
7228
4412
3873
3
3250
3263
1515
1675
4084
3429
6509
2085
5126
5982
7248
6274
3368
6586
7725
7457
1937
3899
6931
7202
9031
4983
5491
4162
5918
8716
491
1220
9787
2511
7214
3985
6755
7597
2077
5622
4981
5170
612
8092
4912
2136
7331
5509
2002
5863
4247
4434
3839
4555
709
1618
4554
2099
3698
1156
9811
2630
6226
2429
4813
7120
7147
1749
1914
2650
3589
540
1446
6727
4544
6955
7757
7514
6386
1108
5962
341
428
5915
4157
1005
6327
9694
9287
7497
8384
2288
3317
8137
8638
3459
2503
8948
2700
6371
9516
4169
5559
8416
572
4999
6853
7012
2929
2568
6192
8291
2547
4856
5774
3759
8159
8675
8814
3243
4531
3628
3729
1960
9752
507
5251
6219
3437
8830
6245
7071
2924
2352
6248
5495
2539
54
2135
6204
1617
1782
5233
7092
850
9875
7026
9044
6905
4707
8446
7500
2578
1
3481
2208
2049
7486
5782
5512
1970
1843
5593
1469
894
1265
3947
9315
5062
6730
7594
3046
4815
584
4042
5149
8651
3130
108
1436
6128
9424
4410
4117
2423
1980
7900
2046
691
8632
2970
8333
395
6630
8366
4704
1686
9586
5588
9466
2114
5268
3874
4392
3313
6322
6910
5313
3825
4114
7025
9995
8263
5437
6582
9851
2551
6960
9278
1108
5730
2443
9747
8785
9340
8508
4231
7501
3000
9062
6392
8719
5347
1066
3618
9476
7946
5128
3682
6149
6425
7471
6947
4775
4737
928
3030
3585
3557
2193
6354
9431
8098
8413
7526
1493
696
6968
3063
3928
1193
1585
5083
5991
7084
752
2416
4527
4782
5550
8985
5371
1623
2900
1558
786
9524
8668
8336
1755
5270
3636
9070
1531
7703
8641
9878
527
4084
7775
3683
5269
3611
343
9071
8741
1426
8185
302
4477
4225
9017
7768
1705
3326
310
4464
7234
6596
2869
5749
3053
1822
3740
5860
3780
3525
8011
1928
4114
4084
8645
2288
8184
7636
395
4395
9085
8809
9626
2002
3346
5864
9771
161
498
1363
536
9444
56
1347
7311
9355
1532
2033
9326
9530
2566
1441
6638
543
9443
3707
3037
7680
6276
3527
6163
3856
9347
436
3286
4894
1857
9125
4345
891
5051
2986
9551
8182
7035
518
222
69
8987
2466
1102
7426
1156
397
9120
1183
7732
9454
363
8904
5006
5992
9282
3444
4028
5352
8050
7607
6431
6030
2391
4231
9943
6182
8238
2377
8910
9730
4213
9752
5742
5670
1503
7489
2755
9967
6868
8253
3979
1792
7013
6156
7306
6731
3244
2491
4730
2665
8465
8225
9872
9750
1514
9052
8186
1772
8362
6147
3060
3034
8378
6455
5177
9328
1478
1307
6039
8954
78
2109
5211
5463
9196
9504
7948
7460
6645
8455
5412
3834
664
6640
8968
7969
8052
347
8616
4607
9511
7398
498
1154
9088
8726
3137
4245
8166
7636
2163
4434
898
5105
585
484
7558
6296
2263
9576
7809
9918
1275
3760
8203
7464
2842
5699
9162
8970
1574
1797
7768
1383
9884
2558
2011
1050
2025
3113
6244
8336
9789
9275
3523
9583
936
6766
3607
1911
2800
2282
2484
7028
7989
4511
8829
5325
4572
6545
1665
5148
4007
6255
1713
1210
4981
5922
9183
103
470
7423
1923
8418
3463
1722
5495
9611
1116
4823
4258
7315
8443
1005
4802
3804
2917
5274
5762
7891
1792
7069
8667
4790
9215
2948
1911
9843
3603
7314
3777
6735
634
4092
8727
2160
9894
8993
1329
9128
4489
7396
1852
6302
8636
1703
4015
4122
8303
6710
719
461
8682
5965
3774
6747
2242
4790
5022
8934
3640
7827
739
2424
4619
5636
1462
9677
9470
7542
8421
9258
212
5289
3224
3326
4791
5324
3551
9683
7416
582
2392
4641
4240
8083
1308
8400
5573
1370
3289
3735
9641
8632
3242
5910
5805
3019
1954
4156
5666
8140
1383
5798
1728
6937
1419
2645
5855
4510
3143
8011
9122
2032
5856
3041
6517
9749
7771
6792
1291
2740
3116
1194
5658
8373
5130
8076
2930
2740
4751
7667
6056
6807
1611
9391
9937
313
1992
7240
4585
9650
7865
548
1652
7125
3659
7251
7612
5159
9181
3367
8009
9671
9020
2243
398
8798
2823
4190
1824
8483
9186
6676
4850
1387
3397
3178
6635
7612
9252
6347
4457
5277
9306
2676
5727
8460
7022
8185
5578
1483
4376
2626
7089
2632
7613
8341
4058
8263
9445
3441
8106
4302
4094
868
1509
4908
6090
6778
8979
6055
5203
4514
6339
402
4462
9231
2425
9687
477
4168
5314
2230
9599
2492
6345
6282
6962
8438
291
3476
4889
5960
3764
5063
9848
7895
5604
3775
220
1395
4220
398
8424
7521
2154
3669
5129
2887
3925
9035
3915
4228
4490
9309
1621
3066
3972
3634
5984
4776
666
1690
6213
1608
3075
3026
2099
481
325
5319
4144
3962
6410
1685
8487
1580
5604
1626
1248
7107
4519
812
7261
881
3860
2531
4176
863
775
4788
1914
5472
6166
7739
3166
9892
5914
1557
1892
9590
5882
5719
3706
6050
8786
4879
7477
6695
2579
4517
2037
9236
7219
6845
6886
4483
3685
6747
1971
9551
9924
867
7813
5939
6570
6813
9449
8000
4061
3330
3967
1706
4392
9989
654
2768
1767
977
9750
3302
8635
6954
9325
2768
9678
1314
5723
8958
9825
8444
593
2527
4193
5109
9092
8963
521
6659
1672
9969
2192
8253
5895
6641
883
565
2321
6295
2173
2590
1629
4012
3458
7998
9485
9627
7595
2817
7823
7205
6060
6183
5072
8338
8834
6571
9132
7157
6200
2817
2560
8554
920
6828
3521
6878
2254
8777
5333
4123
632
1179
2046
4047
1434
5172
4039
8088
2847
3468
6615
1534
4201
1457
3379
780
7337
60
1216
1357
9146
7755
1590
943
6408
6049
8304
5559
8718
3174
7071
49
3037
5996
1230
3121
1113
1535
9697
6139
4508
1592
5719
3771
6782
7039
350
770
2028
5834
2261
1519
2325
3158
812
6229
3796
8736
5432
4110
5768
4369
9396
684
191
4676
3985
7911
1584
341
9757
7769
2024
8744
1698
8642
9421
4787
8437
6664
6590
2009
159
6142
7115
7876
5544
9424
7201
3775
5599
1353
7934
4845
3638
8497
9618
4600
202
6790
8694
1802
8721
7397
199
8433
316
8581
1178
3795
636
8113
5188
4047
1968
5136
5601
9851
9164
1011
7170
6943
6726
4954
6596
830
4218
4835
2043
7788
1726
7968
2766
1088
4495
9939
923
7415
9194
4521
8235
6914
3895
4721
3648
5854
1263
9448
1899
1118
7374
210
8363
7255
8419
2470
1344
4536
8245
6774
6253
9267
7264
8026
5211
9388
2045
904
5914
5982
4911
6354
3666
7748
6586
2829
9816
5403
7134
5897
6797
8545
209
5537
7392
233
5418
7569
3748
5759
777
4895
4172
8850
5669
5608
2066
7955
8286
7528
9703
9881
1104
5716
7973
2382
921
6968
2448
1961
8705
7016
6586
5768
8104
5557
9126
2106
5663
6655
5381
2903
796
2049
1612
5693
8896
7518
8295
3448
4773
3589
934
284
9121
1155
6517
2386
9432
9702
1978
413
8734
6906
9112
3688
3833
3282
3968
126
7364
8916
8375
4309
944
9537
4642
8839
9814
671
5374
6271
9752
4325
2156
2685
3317
5619
9481
1750
3691
2236
652
8267
7990
3985
1177
1219
8487
4283
1842
8264
3264
7716
7517
9003
4331
3330
4337
549
5098
6577
8698
3724
1770
9612
9676
2078
6209
920
7908
1436
2630
2589
1945
2454
3327
706
2226
3663
629
6820
7153
3629
9557
7986
9357
463
6992
9464
1741
5739
2033
4374
9216
3571
766
4541
5562
3427
5560
5334
8617
3274
2029
4670
6518
8691
6653
3681
4918
8623
6793
962
3152
7312
1879
5092
1081
2500
3634
7720
8507
2188
4175
6404
7588
5129
602
9084
7947
994
4031
4656
5213
9715
6436
9250
8405
5350
9219
7250
5499
9543
8790
1608
5523
3254
555
4284
1814
990
7415
1765
9502
5229
8903
7741
6218
4288
2961
3390
3345
8605
7929
1804
9716
1036
5903
1373
6796
3410
2358
1929
5779
8683
2240
1450
9838
5187
2900
4208
3687
8546
5570
5700
1098
1314
1261
9207
3813
5246
7975
6758
3762
5960
539
3388
4881
295
5971
6148
9934
3628
8121
7241
7491
2991
2987
6893
4582
7947
5608
178
866
6786
966
4360
3315
526
4150
9876
523
758
7984
5769
8514
8585
5368
7797
794
2090
6242
9899
2720
4503
3537
376
4606
4136
9195
6612
5470
8625
6200
7863
6457
868
9513
4614
1166
8102
342
5641
1134
5324
1792
2570
9891
2994
4789
4587
4849
3527
8433
4292
85
5449
2193
7337
2746
5896
4035
372
4266
1274
2554
9444
3729
5003
8894
2177
3630
6654
8016
6458
8723
7028
9355
429
8139
5383
5077
1858
9659
5476
2196
421
6897
8996
4718
7215
9129
5717
6889
8720
7135
5097
7026
8411
6158
6715
4105
3069
8999
7401
7304
1403
1901
4066
1300
3095
4733
5662
5085
7646
7052
7796
8528
4914
1624
4684
5771
6255
2320
9154
7712
6460
2080
8771
6883
1313
836
6680
5262
8831
8797
5756
2116
2543
3458
8987
4545
8715
510
3113
2000
3763
8231
8491
2839
3294
3951
3622
877
5038
2643
6467
3692
8893
8497
2028
2866
25
6246
7174
3969
9898
1717
7674
9317
9196
2468
7746
4502
6622
2097
108
9107
7429
849
8606
1967
9837
8857
7558
6936
862
502
2364
7185
4535
9718
9720
8642
6377
4217
6233
5606
9218
5186
6841
2386
1941
2520
1754
4197
3267
8602
6636
4282
760
7775
3871
2602
8452
3706
6864
2703
5140
8076
3170
8643
9788
116
4906
280
4596
6241
3942
6529
5788
5193
7082
9580
6205
1394
8521
1059
9134
253
3693
2120
8863
9122
7508
7310
7222
38
9255
6470
452
9866
7143
6359
9026
1678
9014
7431
2461
450
3616
9078
2076
8204
8324
2122
6426
7925
1635
3188
3988
3646
2083
8817
4032
1393
7888
4797
3032
946
8368
1010
1794
6612
6945
9311
2157
680
82
8180
3930
9184
4171
9609
7716
6881
601
4061
3422
9383
1914
8828
7560
4482
9137
8794
4077
7166
7479
1293
7276
6113
3198
4903
5601
8062
4995
480
2192
54
9008
7490
6813
9102
1035
4334
746
3291
7838
4988
2350
3194
6275
8975
9519
4076
2732
3127
4876
2847
4765
8880
6121
4072
7271
1944
9319
4523
5697
1502
9359
7389
2948
134
6523
8241
6356
2777
6050
5919
9815
4425
9406
259
6819
4945
4876
7009
4984
6075
5167
3318
6502
3308
9009
4009
8668
6938
3335
6449
7855
8605
3327
384
1316
9107
2041
9261
4234
798
4863
5119
2007
8936
8978
7893
1149
9079
5027
5379
5000
9899
5691
9111
1191
9443
6440
8442
740
512
1700
6322
5586
4482
4803
7123
1618
1230
3481
9638
3362
417
6213
1426
9970
4702
5086
9078
5749
5939
7881
1368
6033
2234
5044
9672
2882
2683
466
3550
4609
3967
4148
8707
5084
2383
656
5563
6019
7291
2832
6159
1038
2726
8345
8649
3486
9150
2326
8504
591
2058
913
6404
1558
2573
7166
6427
5261
711
7156
4154
7768
8554
9721
9767
707
617
169
9595
570
4909
3458
6493
2836
8545
8558
777
4301
1581
9342
3984
8559
1585
7776
521
8460
6967
2845
5477
3355
8506
9074
8928
7180
2086
2648
4948
7722
8453
5890
3511
2460
1352
7363
3172
4455
8647
201
4615
8100
5679
9914
8434
7049
1418
9721
93
3735
7117
4613
1978
1872
3706
7966
8502
7650
7270
3349
7196
37
7829
8192
3044
5212
833
2166
2760
9355
9706
4557
3382
3846
4663
9277
7090
8034
6842
5168
6691
6539
514
7545
7790
4816
9674
8287
1088
4574
79
5460
5796
7176
8238
4422
2916
272
940
8545
269
8453
3599
4350
3355
9112
5498
1837
8947
3004
5702
6666
7024
1867
9435
1567
4468
8079
4462
918
4640
1140
2548
7865
9648
9879
245
4600
8269
4650
5308
2790
6054
8423
6074
8497
2537
894
4923
6684
9914
29
7536
9771
358
5931
8283
1546
3986
6962
7482
5161
1020
7207
6554
4632
83
5894
3932
7115
8131
2126
965
9019
7832
183
1344
7657
5764
8892
8190
7343
2763
5688
5038
1077
5259
6817
8967
4301
3034
9372
4770
1612
8567
2507
2020
3605
6370
4394
585
2723
1688
7122
9085
962
7063
5975
8067
8203
9264
5093
440
6491
7034
8178
9522
4526
5570
7775
4499
3405
592
4896
4665
7074
6678
8006
8807
7363
8050
7878
6462
4083
7682
5512
405
7056
8695
1229
3833
6170
7057
5005
6317
1378
4922
3533
2242
8746
3008
5802
7921
894
6122
5908
3973
367
4203
1578
7623
9320
7124
3518
8993
2655
2004
8244
1492
3354
2443
1372
9268
5850
5052
2362
3984
9641
9697
318
9840
2540
8056
965
5000
1365
1274
7244
2649
9223
796
2667
1783
9350
863
1174
3301
187
4643
8251
7291
1490
5672
3417
1594
384
7796
7358
1974
2980
1985
10
2002
1544
9358
2901
3994
9332
2101
5210
1673
783
9373
9503
5419
6451
8918
6258
5485
4044
1441
5569
3713
4477
4162
6966
