10000
0
0
1
2
2
3
5
5
5
9
12
14
14
16
20
21
21
25
26
26
26
28
29
29
31
33
35
39
40
40
40
42
42
44
46
48
49
51
51
51
53
53
53
54
58
60
60
61
61
61
63
64
64
65
65
65
66
67
67
68
70
70
71
73
74
75
76
77
77
78
78
79
80
83
83
84
85
86
87
88
89
92
93
93
93
96
100
100
100
101
103
104
104
104
106
106
107
108
110
114
115
116
117
117
118
119
120
121
121
121
122
123
126
126
127
128
128
129
132
133
134
136
138
139
140
140
141
141
144
145
146
147
149
149
149
151
152
153
157
158
159
160
160
161
161
162
163
165
165
166
168
169
169
169
171
172
174
174
175
175
176
176
176
177
178
178
179
183
184
185
186
186
186
187
187
189
190
190
191
193
193
193
194
195
196
197
198
198
200
202
204
204
205
206
207
207
208
211
211
211
214
215
216
216
216
217
217
218
221
224
225
225
225
226
228
228
228
229
229
230
231
232
232
233
234
234
235
236
237
238
242
242
244
245
246
248
248
249
252
252
253
254
255
255
255
257
257
258
258
258
258
258
258
259
259
260
261
261
262
264
267
268
268
269
271
271
273
273
273
275
275
276
277
278
278
278
279
280
280
281
281
281
282
284
285
285
286
286
288
289
290
291
292
293
295
295
295
295
296
296
298
298
299
300
300
301
301
303
304
305
306
308
308
308
308
309
309
309
310
311
313
314
315
315
316
318
319
321
321
321
322
323
324
326
326
326
329
330
330
331
332
334
335
336
337
337
337
339
339
340
342
342
342
343
343
344
344
345
345
349
349
352
354
355
356
357
358
359
362
363
365
366
367
367
367
369
370
373
375
376
378
378
379
379
379
381
384
385
387
387
389
392
393
394
394
394
396
397
399
400
402
404
406
406
407
409
409
410
411
411
413
415
417
418
419
422
422
425
426
426
426
426
427
427
431
432
432
432
433
434
434
435
435
436
436
437
437
437
439
440
442
443
446
447
447
448
448
449
450
450
453
454
455
456
458
460
460
461
466
468
468
469
469
470
471
472
473
473
474
474
474
474
475
476
476
477
479
479
481
482
484
484
485
485
488
489
490
490
490
490
492
493
493
497
498
498
499
500
500
500
501
503
503
503
503
503
504
507
507
507
508
509
511
511
513
514
514
514
516
519
519
519
520
521
521
522
522
523
524
529
529
529
530
530
531
531
533
534
535
535
536
537
539
542
544
545
545
549
551
551
556
559
561
561
561
562
562
562
564
569
569
578
579
579
580
580
582
583
584
584
584
585
586
586
588
590
592
593
593
594
595
597
599
600
601
601
602
603
603
604
604
604
606
607
608
608
608
608
609
610
611
611
612
614
616
616
617
618
619
621
621
621
621
622
623
625
625
626
627
628
629
629
630
630
630
631
632
632
634
635
635
636
637
637
637
639
640
642
642
643
644
644
644
645
647
647
647
648
651
652
652
652
653
655
657
659
660
661
661
661
662
662
662
662
663
663
664
666
667
667
668
671
671
673
673
673
675
675
676
678
679
679
681
681
682
682
682
684
684
685
688
690
690
690
695
695
697
697
697
697
698
699
702
704
704
705
706
706
709
709
709
709
711
711
712
712
713
713
715
716
717
717
717
719
721
721
722
722
723
725
725
726
727
730
730
732
734
738
738
739
740
742
742
743
745
746
747
748
748
748
749
749
750
750
751
757
757
757
757
758
759
762
763
765
765
765
767
771
771
774
775
776
778
778
780
780
780
781
783
789
789
790
791
792
792
793
793
795
795
796
797
801
801
802
802
803
804
807
810
811
811
812
813
813
814
815
815
817
817
818
821
821
821
822
822
823
824
825
826
828
829
829
830
831
832
832
833
833
833
835
835
835
836
837
839
840
841
842
843
843
845
845
846
848
849
849
855
856
858
859
861
863
864
864
865
865
866
868
869
869
870
870
870
870
871
873
874
877
878
879
882
882
882
883
883
884
887
888
889
890
890
890
891
891
892
892
892
896
898
900
901
906
908
908
908
910
912
913
914
918
918
919
921
921
923
924
925
929
929
931
933
933
933
934
935
935
936
938
938
939
939
940
941
941
942
945
946
947
948
950
950
950
951
951
951
951
952
952
954
955
955
956
957
957
958
959
959
961
961
962
963
964
965
966
967
968
968
970
971
971
972
973
974
984
987
988
988
989
989
991
993
993
996
999
999
999
999
1001
1004
1004
1004
1006
1006
1006
1007
1010
1011
1014
1014
1014
1019
1020
1020
1021
1022
1023
1023
1024
1024
1026
1027
1029
1030
1030
1033
1034
1036
1036
1038
1039
1041
1042
1042
1042
1045
1045
1045
1049
1050
1050
1051
1053
1053
1055
1055
1056
1058
1058
1060
1061
1062
1064
1064
1064
1065
1065
1065
1065
1067
1067
1068
1068
1069
1069
1070
1072
1072
1073
1073
1075
1077
1077
1077
1077
1079
1080
1080
1081
1081
1084
1085
1086
1087
1090
1091
1091
1094
1096
1096
1097
1099
1101
1105
1108
1110
1112
1112
1113
1113
1116
1117
1117
1120
1121
1121
1121
1121
1125
1126
1127
1129
1130
1131
1134
1134
1136
1136
1136
1136
1137
1137
1141
1142
1143
1145
1145
1147
1148
1149
1150
1150
1150
1151
1151
1151
1151
1151
1152
1152
1152
1153
1154
1156
1157
1157
1158
1159
1159
1160
1160
1161
1162
1162
1163
1164
1166
1166
1166
1171
1173
1174
1175
1178
1179
1180
1180
1180
1180
1181
1184
1184
1184
1185
1188
1188
1189
1190
1192
1193
1193
1196
1197
1199
1200
1200
1200
1201
1201
1202
1203
1204
1204
1205
1205
1206
1207
1207
1208
1209
1210
1210
1210
1211
1212
1215
1216
1216
1217
1218
1220
1220
1220
1225
1225
1226
1226
1226
1227
1227
1228
1231
1231
1231
1234
1235
1236
1236
1238
1239
1239
1240
1242
1242
1242
1243
1244
1245
1246
1246
1247
1248
1248
1249
1252
1252
1253
1254
1254
1255
1255
1255
1257
1258
1258
1258
1259
1259
1260
1260
1261
1263
1263
1264
1266
1266
1267
1270
1274
1275
1275
1275
1278
1279
1279
1279
1279
1279
1281
1281
1281
1284
1284
1287
1288
1289
1290
1290
1294
1295
1297
1299
1301
1302
1302
1303
1303
1304
1304
1308
1310
1311
1312
1315
1315
1316
1317
1318
1319
1320
1321
1321
1321
1322
1323
1324
1324
1325
1325
1326
1326
1327
1327
1328
1329
1331
1331
1332
1333
1335
1336
1336
1336
1337
1338
1338
1341
1343
1344
1345
1349
1349
1350
1351
1351
1352
1356
1356
1357
1357
1358
1358
1359
1360
1360
1361
1361
1362
1363
1363
1364
1365
1368
1370
1371
1371
1373
1373
1375
1376
1379
1383
1383
1386
1387
1387
1387
1388
1390
1392
1393
1393
1394
1394
1395
1397
1401
1402
1403
1403
1404
1405
1405
1408
1410
1411
1412
1412
1413
1413
1414
1416
1418
1419
1419
1421
1427
1428
1431
1432
1434
1434
1437
1437
1439
1440
1440
1442
1445
1446
1446
1447
1448
1450
1450
1451
1452
1452
1452
1453
1453
1457
1457
1459
1459
1459
1463
1468
1468
1469
1469
1470
1471
1473
1473
1474
1474
1475
1477
1479
1481
1482
1482
1482
1483
1483
1483
1483
1485
1486
1486
1488
1491
1491
1491
1492
1493
1494
1498
1499
1499
1501
1501
1501
1502
1502
1503
1503
1505
1506
1507
1511
1511
1511
1512
1514
1515
1515
1516
1516
1516
1520
1520
1521
1523
1524
1524
1525
1526
1528
1531
1531
1532
1533
1533
1534
1534
1534
1536
1536
1537
1538
1541
1541
1541
1543
1544
1545
1548
1550
1553
1554
1555
1556
1556
1556
1558
1559
1563
1566
1566
1567
1569
1570
1570
1572
1572
1572
1572
1573
1574
1575
1576
1577
1578
1578
1580
1580
1580
1582
1584
1584
1586
1587
1587
1587
1589
1590
1591
1591
1592
1595
1604
1604
1606
1608
1611
1612
1614
1615
1615
1615
1615
1618
1618
1618
1620
1620
1621
1622
1623
1624
1625
1626
1626
1626
1627
1627
1627
1627
1628
1629
1630
1633
1633
1635
1636
1637
1637
1637
1638
1639
1640
1641
1641
1643
1644
1649
1649
1649
1650
1650
1652
1653
1655
1655
1656
1657
1658
1658
1661
1662
1662
1663
1665
1666
1666
1666
1667
1668
1671
1671
1672
1676
1677
1677
1678
1678
1678
1679
1683
1683
1684
1684
1686
1686
1686
1687
1689
1690
1691
1692
1693
1694
1695
1700
1701
1701
1702
1703
1705
1706
1706
1707
1708
1709
1709
1709
1710
1711
1713
1713
1714
1715
1718
1719
1720
1721
1722
1724
1724
1728
1728
1728
1728
1730
1730
1731
1731
1733
1734
1734
1736
1737
1738
1738
1738
1738
1739
1740
1740
1741
1741
1744
1745
1747
1747
1748
1749
1749
1750
1751
1752
1754
1756
1756
1757
1758
1759
1759
1760
1762
1763
1763
1763
1764
1765
1765
1765
1765
1766
1768
1769
1772
1774
1776
1778
1778
1779
1783
1784
1785
1787
1788
1789
1790
1790
1791
1793
1795
1796
1796
1797
1798
1803
1803
1804
1806
1807
1807
1807
1808
1809
1809
1810
1810
1811
1811
1812
1813
1814
1816
1816
1816
1817
1818
1819
1819
1821
1823
1823
1824
1826
1826
1827
1828
1828
1831
1832
1833
1835
1835
1837
1837
1838
1838
1840
1841
1841
1842
1843
1843
1843
1844
1845
1846
1846
1847
1847
1848
1849
1849
1852
1852
1853
1854
1854
1854
1856
1856
1858
1859
1859
1860
1862
1863
1863
1864
1867
1868
1869
1870
1871
1873
1874
1875
1876
1878
1878
1879
1880
1880
1881
1881
1881
1881
1882
1882
1883
1884
1886
1887
1889
1891
1891
1893
1895
1896
1896
1897
1899
1899
1901
1902
1903
1904
1908
1908
1909
1909
1912
1913
1913
1914
1914
1916
1918
1919
1919
1920
1921
1922
1923
1923
1924
1924
1924
1924
1925
1925
1926
1927
1928
1928
1933
1935
1938
1938
1938
1938
1940
1941
1941
1941
1943
1945
1945
1947
1950
1950
1950
1950
1950
1950
1953
1953
1954
1954
1954
1955
1956
1957
1957
1958
1958
1958
1959
1960
1962
1963
1965
1966
1966
1967
1967
1968
1971
1971
1972
1972
1974
1975
1977
1979
1981
1982
1983
1985
1987
1988
1989
1990
1990
1991
1992
1992
1992
1993
1994
1996
1996
1997
1999
1999
2000
2000
2001
2004
2007
2008
2008
2009
2010
2011
2012
2014
2015
2017
2017
2021
2023
2025
2025
2026
2027
2030
2031
2031
2032
2036
2039
2040
2041
2042
2043
2043
2044
2044
2044
2045
2045
2046
2047
2048
2050
2051
2053
2056
2057
2057
2060
2061
2063
2064
2066
2067
2067
2067
2069
2070
2072
2073
2074
2075
2076
2076
2077
2080
2081
2081
2082
2083
2084
2084
2085
2086
2086
2086
2089
2089
2090
2091
2091
2092
2093
2093
2094
2096
2096
2098
2099
2099
2100
2103
2103
2104
2104
2105
2106
2107
2107
2108
2108
2110
2113
2115
2115
2120
2121
2123
2124
2124
2126
2127
2128
2128
2130
2131
2131
2131
2132
2134
2135
2135
2135
2136
2136
2139
2143
2143
2144
2144
2145
2146
2148
2149
2151
2151
2151
2152
2152
2153
2156
2157
2157
2158
2158
2159
2159
2160
2161
2163
2163
2164
2165
2165
2166
2166
2167
2168
2170
2170
2172
2173
2174
2174
2177
2177
2180
2182
2183
2183
2184
2185
2186
2187
2188
2188
2189
2191
2191
2192
2192
2195
2195
2197
2198
2198
2198
2199
2199
2199
2202
2202
2203
2205
2209
2212
2212
2213
2214
2215
2218
2219
2219
2219
2219
2220
2221
2223
2224
2225
2225
2225
2225
2225
2225
2227
2227
2228
2230
2230
2230
2232
2233
2235
2235
2235
2236
2238
2238
2238
2242
2243
2243
2243
2244
2244
2244
2244
2245
2246
2247
2247
2248
2249
2249
2250
2251
2251
2252
2252
2253
2253
2253
2254
2255
2255
2255
2257
2257
2257
2257
2258
2260
2260
2261
2261
2266
2266
2267
2267
2267
2267
2271
2272
2273
2274
2274
2274
2274
2274
2275
2276
2276
2276
2277
2279
2279
2280
2280
2282
2283
2285
2286
2286
2286
2288
2289
2290
2291
2291
2292
2292
2293
2293
2293
2294
2294
2295
2295
2297
2299
2302
2303
2305
2307
2308
2308
2309
2309
2309
2310
2310
2314
2314
2317
2317
2319
2319
2319
2321
2322
2324
2325
2327
2327
2331
2331
2331
2331
2332
2332
2333
2334
2337
2338
2338
2339
2340
2340
2341
2341
2342
2342
2343
2343
2343
2344
2346
2346
2346
2347
2352
2352
2353
2354
2354
2355
2355
2355
2356
2357
2358
2359
2361
2361
2362
2364
2365
2366
2367
2369
2369
2370
2370
2372
2373
2373
2374
2375
2376
2380
2381
2381
2382
2383
2383
2383
2383
2385
2386
2386
2387
2388
2389
2390
2390
2390
2392
2392
2396
2396
2396
2397
2398
2398
2400
2402
2402
2403
2403
2406
2407
2408
2408
2409
2411
2412
2413
2415
2416
2417
2418
2420
2423
2423
2424
2425
2427
2429
2430
2433
2433
2434
2434
2435
2435
2440
2440
2441
2443
2443
2444
2444
2445
2448
2449
2450
2451
2453
2453
2455
2455
2455
2459
2460
2460
2461
2463
2463
2463
2463
2467
2468
2470
2470
2472
2473
2474
2474
2474
2477
2479
2479
2480
2480
2481
2481
2484
2485
2486
2486
2487
2487
2488
2488
2490
2490
2491
2491
2491
2496
2497
2497
2497
2498
2498
2499
2499
2499
2500
2501
2501
2502
2503
2503
2504
2504
2504
2505
2505
2506
2506
2508
2508
2509
2509
2510
2511
2511
2515
2515
2515
2516
2516
2518
2519
2519
2519
2519
2520
2520
2521
2522
2522
2522
2523
2523
2524
2526
2527
2529
2531
2533
2533
2534
2534
2534
2534
2535
2540
2540
2541
2543
2544
2546
2547
2547
2548
2549
2549
2550
2552
2555
2556
2558
2560
2560
2560
2561
2562
2562
2563
2563
2563
2564
2564
2565
2566
2567
2567
2571
2572
2573
2573
2573
2573
2574
2575
2575
2577
2578
2579
2579
2583
2583
2584
2584
2585
2585
2586
2587
2587
2588
2588
2589
2590
2590
2591
2591
2592
2592
2593
2594
2595
2597
2598
2600
2600
2600
2601
2601
2602
2604
2604
2604
2608
2608
2610
2610
2611
2611
2611
2614
2615
2615
2616
2617
2617
2618
2620
2620
2621
2622
2622
2625
2627
2627
2629
2629
2631
2632
2633
2633
2634
2634
2635
2636
2637
2639
2640
2641
2641
2644
2646
2647
2648
2649
2649
2649
2650
2651
2651
2651
2653
2654
2655
2658
2660
2660
2661
2661
2662
2664
2664
2664
2665
2665
2665
2666
2667
2669
2670
2670
2671
2671
2671
2672
2672
2673
2676
2676
2677
2678
2679
2679
2680
2681
2682
2682
2683
2684
2684
2685
2685
2685
2686
2687
2687
2688
2689
2690
2690
2691
2694
2694
2695
2695
2696
2697
2698
2700
2700
2702
2703
2706
2706
2709
2710
2710
2712
2714
2715
2715
2716
2716
2716
2717
2718
2718
2718
2720
2721
2721
2723
2723
2726
2726
2727
2728
2729
2730
2731
2731
2731
2732
2732
2734
2734
2734
2735
2736
2736
2737
2738
2739
2740
2741
2741
2741
2742
2742
2743
2746
2746
2746
2749
2749
2750
2751
2752
2753
2754
2755
2755
2756
2756
2759
2759
2762
2763
2763
2766
2766
2766
2767
2768
2770
2771
2772
2772
2772
2773
2773
2773
2774
2775
2775
2777
2779
2779
2780
2781
2781
2784
2786
2787
2790
2790
2790
2791
2792
2792
2793
2794
2794
2795
2796
2798
2801
2802
2802
2803
2805
2806
2807
2807
2807
2808
2808
2810
2812
2812
2813
2814
2814
2815
2815
2815
2818
2819
2821
2821
2822
2823
2824
2825
2825
2825
2826
2827
2828
2829
2829
2830
2830
2831
2833
2833
2834
2834
2835
2836
2836
2837
2837
2838
2838
2838
2839
2840
2841
2843
2843
2846
2846
2847
2851
2851
2851
2852
2856
2857
2859
2861
2861
2862
2863
2863
2864
2866
2867
2869
2870
2870
2871
2872
2874
2874
2874
2875
2875
2876
2876
2879
2879
2886
2886
2888
2889
2890
2890
2891
2891
2893
2893
2893
2894
2894
2894
2897
2898
2901
2902
2903
2904
2905
2905
2909
2909
2909
2911
2912
2912
2913
2913
2914
2916
2917
2917
2919
2921
2921
2923
2923
2923
2924
2925
2927
2929
2929
2929
2930
2930
2931
2931
2933
2933
2934
2934
2937
2937
2937
2938
2939
2939
2940
2940
2941
2942
2943
2945
2945
2946
2946
2947
2947
2949
2949
2950
2951
2951
2952
2953
2953
2953
2954
2957
2959
2960
2960
2961
2961
2963
2963
2963
2965
2966
2967
2969
2971
2972
2974
2975
2978
2978
2980
2980
2981
2981
2982
2982
2982
2983
2984
2986
2986
2988
2989
2991
2992
2993
2994
2994
2995
2996
2998
3002
3003
3003
3004
3006
3006
3008
3010
3011
3013
3014
3014
3015
3016
3017
3017
3018
3019
3020
3023
3023
3023
3023
3025
3027
3030
3030
3031
3031
3034
3035
3036
3036
3036
3037
3038
3038
3038
3039
3042
3042
3044
3046
3048
3048
3050
3050
3050
3051
3051
3051
3052
3052
3052
3054
3055
3056
3056
3057
3059
3060
3061
3061
3062
3064
3065
3066
3067
3068
3068
3069
3073
3075
3076
3076
3076
3077
3078
3078
3078
3079
3080
3080
3080
3081
3081
3082
3083
3087
3087
3087
3089
3092
3092
3092
3093
3093
3094
3094
3095
3097
3097
3097
3098
3098
3098
3100
3100
3101
3102
3103
3104
3105
3106
3106
3107
3107
3107
3108
3108
3111
3113
3114
3114
3115
3116
3117
3117
3117
3119
3119
3122
3122
3124
3128
3129
3130
3130
3132
3132
3133
3134
3135
3136
3137
3137
3139
3140
3141
3142
3144
3146
3146
3147
3147
3147
3147
3149
3149
3150
3151
3153
3155
3157
3157
3158
3158
3158
3158
3161
3162
3162
3164
3168
3168
3169
3174
3177
3179
3179
3180
3180
3181
3182
3183
3187
3188
3188
3188
3189
3189
3189
3190
3191
3192
3193
3193
3195
3195
3196
3197
3198
3199
3199
3199
3202
3202
3204
3204
3205
3205
3206
3206
3206
3207
3208
3209
3210
3212
3212
3219
3220
3222
3224
3224
3225
3227
3227
3228
3228
3228
3231
3233
3233
3235
3235
3236
3239
3239
3240
3241
3245
3245
3247
3248
3248
3250
3251
3251
3252
3252
3252
3253
3254
3255
3256
3257
3258
3259
3260
3260
3260
3260
3261
3261
3261
3262
3265
3267
3268
3268
3269
3271
3271
3273
3274
3275
3275
3277
3278
3279
3280
3281
3281
3282
3282
3285
3289
3291
3291
3293
3294
3294
3294
3296
3297
3298
3298
3299
3300
3300
3301
3301
3303
3305
3306
3307
3308
3308
3309
3311
3312
3312
3312
3312
3312
3314
3316
3318
3318
3320
3323
3324
3325
3325
3325
3327
3328
3330
3330
3332
3333
3334
3334
3335
3337
3338
3339
3339
3340
3341
3341
3341
3341
3341
3342
3342
3342
3343
3344
3344
3346
3346
3347
3348
3349
3351
3352
3353
3353
3354
3354
3354
3355
3357
3358
3359
3363
3364
3366
3367
3370
3370
3371
3372
3373
3373
3376
3377
3378
3380
3383
3384
3384
3385
3385
3386
3386
3387
3388
3389
3390
3392
3393
3394
3394
3395
3395
3396
3397
3397
3397
3398
3398
3398
3399
3399
3400
3400
3401
3401
3402
3403
3404
3406
3407
3410
3410
3410
3411
3413
3413
3416
3417
3418
3418
3419
3419
3419
3420
3422
3423
3424
3426
3427
3427
3427
3427
3428
3429
3430
3430
3436
3436
3438
3438
3439
3441
3442
3442
3443
3444
3444
3444
3448
3448
3448
3449
3449
3450
3450
3450
3450
3450
3451
3452
3454
3455
3455
3456
3456
3457
3458
3459
3459
3461
3464
3465
3466
3467
3469
3470
3470
3470
3471
3471
3474
3474
3475
3475
3477
3477
3478
3478
3479
3479
3480
3481
3482
3482
3482
3482
3483
3483
3484
3485
3486
3487
3489
3490
3490
3490
3492
3493
3495
3495
3499
3499
3499
3499
3502
3503
3504
3505
3507
3507
3508
3508
3511
3512
3518
3519
3523
3524
3525
3525
3527
3527
3528
3531
3532
3532
3535
3535
3536
3538
3538
3539
3539
3540
3544
3549
3550
3550
3550
3557
3558
3558
3560
3561
3566
3569
3569
3569
3571
3571
3573
3576
3577
3577
3579
3579
3580
3581
3582
3583
3584
3584
3588
3588
3589
3591
3591
3591
3592
3593
3593
3595
3597
3597
3600
3600
3601
3602
3602
3603
3603
3603
3606
3608
3608
3608
3609
3609
3610
3611
3615
3616
3617
3618
3619
3620
3621
3621
3622
3622
3622
3625
3625
3626
3626
3627
3632
3632
3633
3634
3635
3637
3637
3638
3638
3639
3643
3644
3644
3648
3648
3648
3648
3651
3652
3653
3654
3654
3654
3655
3655
3655
3655
3656
3656
3657
3657
3659
3660
3660
3661
3662
3662
3663
3665
3667
3667
3668
3670
3670
3671
3671
3671
3672
3672
3672
3673
3675
3676
3676
3678
3678
3679
3679
3680
3681
3681
3683
3684
3685
3685
3687
3688
3689
3691
3691
3692
3692
3692
3694
3694
3698
3698
3699
3699
3703
3703
3708
3709
3709
3710
3711
3711
3712
3713
3713
3716
3717
3717
3718
3719
3720
3720
3721
3722
3722
3724
3725
3727
3729
3730
3730
3730
3730
3731
3733
3733
3735
3736
3736
3737
3739
3740
3742
3742
3744
3745
3747
3747
3748
3751
3752
3752
3752
3752
3754
3755
3755
3756
3757
3757
3758
3759
3760
3761
3765
3766
3767
3769
3770
3771
3772
3772
3774
3775
3776
3776
3777
3777
3781
3781
3783
3783
3784
3787
3787
3788
3790
3791
3792
3800
3802
3805
3806
3807
3807
3808
3809
3809
3811
3811
3814
3814
3814
3815
3815
3816
3816
3817
3819
3820
3821
3822
3822
3823
3823
3824
3825
3826
3828
3830
3830
3830
3833
3833
3837
3837
3839
3839
3840
3840
3840
3841
3841
3842
3844
3844
3845
3847
3847
3848
3848
3849
3849
3849
3850
3850
3850
3850
3851
3851
3853
3853
3853
3853
3855
3855
3855
3858
3860
3862
3863
3870
3871
3872
3873
3874
3874
3874
3874
3875
3875
3875
3876
3876
3877
3877
3877
3878
3878
3878
3879
3881
3882
3884
3885
3886
3889
3889
3891
3891
3891
3893
3894
3894
3895
3895
3895
3896
3898
3899
3900
3902
3903
3903
3905
3907
3908
3910
3913
3914
3917
3918
3918
3918
3918
3919
3923
3923
3924
3924
3926
3926
3927
3927
3929
3929
3930
3931
3932
3934
3935
3935
3935
3938
3939
3939
3940
3941
3941
3943
3943
3944
3945
3946
3946
3949
3949
3951
3952
3953
3954
3955
3957
3958
3958
3959
3962
3963
3966
3966
3969
3970
3970
3971
3972
3973
3977
3977
3979
3980
3981
3982
3982
3983
3984
3985
3985
3985
3985
3986
3987
3987
3987
3988
3990
3992
3992
3992
3995
3996
3997
3997
3999
4000
4000
4001
4002
4002
4004
4005
4007
4008
4009
4011
4013
4013
4013
4013
4016
4017
4017
4019
4019
4020
4021
4021
4021
4021
4022
4022
4022
4022
4023
4026
4029
4029
4030
4030
4031
4031
4034
4034
4035
4035
4037
4038
4039
4040
4040
4040
4040
4041
4041
4042
4042
4044
4044
4044
4045
4045
4046
4047
4048
4048
4048
4049
4050
4050
4052
4053
4053
4055
4056
4057
4058
4061
4063
4064
4064
4068
4068
4068
4068
4069
4070
4070
4073
4073
4075
4076
4077
4082
4084
4085
4085
4086
4087
4088
4088
4089
4089
4092
4093
4093
4093
4093
4094
4099
4100
4101
4102
4103
4103
4104
4105
4106
4106
4108
4108
4109
4111
4112
4112
4112
4113
4113
4114
4117
4124
4124
4125
4125
4126
4127
4127
4127
4130
4131
4131
4135
4135
4142
4144
4145
4145
4146
4147
4147
4147
4149
4149
4151
4155
4155
4156
4156
4157
4160
4161
4162
4163
4165
4167
4167
4168
4168
4169
4171
4172
4173
4173
4173
4174
4175
4177
4178
4179
4179
4180
4180
4180
4181
4182
4182
4184
4185
4185
4186
4186
4189
4190
4190
4194
4195
4198
4199
4200
4200
4201
4201
4201
4201
4202
4204
4206
4207
4208
4208
4208
4209
4213
4215
4216
4216
4218
4218
4219
4220
4220
4221
4222
4222
4223
4224
4224
4225
4225
4227
4227
4228
4228
4229
4230
4231
4231
4232
4233
4234
4235
4239
4239
4240
4241
4243
4243
4245
4246
4247
4249
4251
4251
4254
4255
4255
4256
4256
4257
4258
4259
4261
4264
4265
4266
4266
4268
4269
4269
4269
4270
4271
4272
4273
4274
4275
4276
4276
4282
4283
4283
4283
4283
4284
4286
4286
4288
4289
4290
4290
4293
4295
4297
4297
4297
4299
4300
4300
4301
4301
4302
4305
4308
4308
4308
4309
4309
4310
4310
4310
4311
4311
4312
4313
4314
4315
4315
4315
4318
4318
4320
4320
4325
4326
4327
4328
4328
4330
4331
4331
4333
4334
4335
4335
4335
4336
4336
4337
4342
4343
4343
4344
4345
4346
4346
4347
4348
4351
4351
4355
4355
4356
4357
4357
4358
4358
4358
4358
4360
4362
4362
4363
4364
4366
4366
4369
4370
4370
4377
4379
4381
4381
4382
4382
4385
4386
4387
4389
4392
4392
4393
4393
4395
4396
4397
4398
4400
4402
4403
4403
4404
4404
4405
4407
4407
4407
4407
4408
4408
4409
4410
4410
4411
4411
4412
4413
4414
4415
4416
4416
4416
4419
4419
4419
4420
4421
4421
4421
4421
4421
4421
4422
4425
4425
4425
4425
4426
4426
4427
4427
4428
4430
4432
4432
4432
4435
4437
4438
4439
4439
4439
4443
4443
4444
4444
4444
4446
4448
4448
4449
4450
4452
4452
4454
4455
4455
4456
4457
4458
4459
4459
4460
4465
4466
4467
4467
4467
4467
4468
4468
4468
4469
4469
4470
4471
4473
4474
4475
4475
4475
4475
4476
4476
4477
4477
4477
4478
4480
4480
4483
4486
4486
4486
4486
4487
4488
4488
4490
4491
4492
4493
4494
4495
4495
4496
4496
4497
4497
4499
4499
4500
4501
4502
4503
4507
4508
4508
4508
4508
4508
4508
4510
4511
4514
4514
4519
4520
4520
4521
4524
4526
4527
4528
4528
4529
4530
4530
4533
4534
4535
4537
4538
4539
4540
4540
4541
4541
4541
4542
4543
4544
4544
4546
4546
4547
4547
4550
4551
4551
4552
4553
4553
4554
4554
4556
4556
4557
4558
4561
4562
4565
4565
4566
4566
4569
4569
4570
4573
4573
4573
4573
4574
4575
4575
4578
4581
4582
4583
4583
4585
4588
4589
4589
4589
4590
4591
4591
4592
4592
4593
4593
4595
4595
4597
4599
4600
4602
4604
4606
4606
4607
4608
4608
4609
4610
4612
4614
4618
4619
4619
4620
4620
4621
4623
4623
4623
4624
4628
4628
4633
4635
4635
4638
4639
4640
4641
4641
4641
4642
4643
4644
4644
4645
4648
4649
4651
4651
4653
4654
4655
4656
4657
4659
4660
4660
4662
4664
4666
4666
4667
4667
4668
4669
4670
4671
4673
4674
4677
4678
4679
4680
4680
4681
4681
4681
4682
4683
4684
4684
4685
4685
4686
4688
4689
4691
4691
4691
4693
4693
4694
4695
4696
4697
4700
4700
4703
4703
4706
4706
4707
4708
4708
4708
4709
4710
4711
4711
4712
4712
4715
4715
4715
4716
4718
4720
4720
4721
4722
4723
4723
4723
4725
4725
4725
4727
4727
4728
4729
4731
4732
4732
4733
4734
4734
4735
4735
4736
4738
4738
4740
4740
4740
4741
4744
4744
4744
4745
4745
4745
4745
4746
4748
4748
4750
4752
4753
4758
4760
4760
4762
4763
4763
4765
4765
4766
4767
4767
4768
4769
4773
4774
4775
4776
4777
4777
4779
4779
4780
4780
4781
4783
4785
4785
4786
4787
4787
4788
4789
4789
4790
4792
4793
4794
4796
4796
4797
4797
4797
4797
4798
4799
4799
4799
4801
4803
4804
4805
4805
4805
4805
4806
4806
4806
4808
4809
4810
4810
4812
4812
4814
4814
4815
4815
4815
4816
4816
4816
4819
4819
4820
4821
4821
4822
4822
4825
4826
4826
4828
4828
4830
4830
4830
4831
4835
4836
4837
4839
4841
4841
4842
4842
4843
4845
4846
4847
4848
4850
4850
4850
4851
4853
4854
4856
4856
4858
4861
4862
4863
4864
4866
4866
4868
4868
4868
4870
4870
4872
4875
4876
4876
4880
4881
4881
4881
4882
4883
4883
4883
4885
4885
4886
4887
4890
4891
4895
4897
4898
4899
4899
4902
4903
4903
4903
4906
4907
4908
4910
4912
4913
4914
4915
4918
4919
4920
4920
4920
4922
4923
4923
4924
4925
4926
4927
4927
4928
4928
4928
4930
4930
4930
4931
4932
4932
4934
4935
4935
4936
4936
4938
4940
4941
4941
4941
4941
4942
4943
4943
4944
4945
4945
4946
4947
4948
4950
4950
4951
4952
4952
4952
4952
4953
4953
4953
4954
4954
4955
4957
4958
4961
4961
4961
4964
4965
4965
4969
4969
4971
4972
4973
4973
4973
4977
4977
4978
4978
4979
4979
4979
4981
4981
4982
4985
4986
4986
4987
4988
4989
4989
4990
4992
4993
4994
4994
4995
4999
5000
5001
5001
5003
5004
5004
5005
5005
5008
5010
5012
5012
5012
5016
5017
5018
5019
5023
5024
5024
5025
5026
5029
5030
5030
5030
5031
5031
5031
5034
5035
5035
5036
5038
5039
5041
5041
5041
5043
5044
5044
5045
5045
5046
5047
5047
5050
5053
5054
5054
5054
5055
5055
5055
5056
5056
5057
5058
5061
5061
5063
5064
5066
5068
5070
5071
5071
5074
5074
5075
5075
5075
5076
5076
5078
5080
5080
5083
5083
5083
5084
5086
5087
5088
5089
5092
5092
5094
5096
5098
5099
5099
5100
5103
5104
5105
5106
5106
5108
5112
5113
5113
5114
5114
5114
5116
5116
5116
5117
5117
5117
5120
5121
5122
5123
5123
5126
5126
5129
5130
5133
5136
5138
5139
5139
5140
5140
5141
5143
5143
5143
5146
5147
5148
5149
5152
5153
5153
5154
5155
5156
5156
5156
5156
5158
5159
5159
5161
5163
5165
5165
5166
5166
5167
5167
5167
5168
5169
5171
5172
5172
5173
5173
5174
5180
5180
5181
5181
5181
5182
5183
5184
5185
5187
5187
5187
5187
5189
5190
5192
5194
5194
5195
5197
5197
5197
5198
5198
5203
5205
5205
5206
5206
5207
5208
5208
5208
5209
5209
5210
5211
5212
5212
5218
5220
5223
5225
5225
5225
5227
5228
5228
5232
5233
5233
5234
5234
5235
5239
5239
5239
5241
5242
5243
5243
5243
5245
5249
5249
5251
5251
5254
5254
5255
5256
5257
5257
5260
5260
5264
5264
5264
5265
5265
5265
5265
5265
5266
5266
5266
5267
5268
5270
5270
5272
5274
5274
5274
5275
5275
5277
5278
5279
5281
5281
5282
5282
5282
5284
5287
5287
5287
5291
5291
5291
5292
5293
5294
5295
5296
5296
5296
5296
5298
5299
5301
5302
5302
5302
5303
5303
5304
5304
5305
5308
5310
5310
5314
5314
5314
5314
5314
5315
5315
5316
5316
5318
5318
5318
5318
5321
5323
5324
5325
5326
5327
5328
5328
5329
5329
5330
5331
5332
5332
5332
5333
5337
5337
5337
5338
5338
5339
5339
5341
5342
5342
5343
5343
5344
5344
5349
5349
5350
5350
5351
5351
5354
5354
5355
5355
5355
5357
5358
5361
5362
5363
5364
5364
5364
5366
5366
5366
5370
5374
5374
5374
5379
5379
5381
5381
5382
5382
5383
5385
5387
5388
5390
5391
5393
5393
5394
5395
5396
5398
5398
5399
5401
5404
5404
5405
5406
5406
5406
5406
5406
5407
5410
5411
5412
5412
5413
5413
5413
5416
5416
5416
5418
5419
5419
5420
5420
5422
5429
5432
5433
5433
5433
5435
5435
5436
5436
5436
5437
5441
5441
5442
5442
5443
5443
5444
5445
5446
5447
5448
5448
5456
5457
5457
5457
5458
5459
5461
5463
5463
5465
5466
5466
5466
5467
5467
5467
5469
5470
5471
5471
5472
5472
5474
5476
5479
5480
5481
5482
5484
5485
5485
5485
5486
5487
5487
5487
5489
5490
5492
5493
5494
5494
5495
5496
5497
5497
5498
5498
5499
5500
5500
5501
5504
5507
5508
5508
5511
5515
5516
5519
5519
5520
5522
5522
5523
5524
5524
5527
5527
5528
5528
5528
5529
5529
5529
5530
5531
5532
5532
5534
5534
5534
5536
5536
5537
5539
5539
5540
5541
5541
5541
5543
5544
5545
5545
5546
5547
5549
5549
5551
5551
5551
5552
5556
5557
5557
5558
5559
5559
5561
5561
5563
5565
5566
5568
5569
5569
5571
5573
5573
5574
5574
5576
5576
5576
5577
5577
5577
5577
5579
5580
5581
5581
5581
5584
5585
5586
5587
5588
5588
5589
5590
5590
5590
5590
5591
5591
5592
5593
5594
5595
5596
5598
5601
5601
5602
5602
5602
5603
5604
5606
5606
5608
5609
5611
5611
5611
5612
5612
5614
5614
5614
5615
5615
5615
5615
5616
5618
5619
5620
5621
5622
5622
5625
5626
5626
5626
5626
5627
5628
5629
5629
5630
5630
5631
5632
5633
5633
5637
5637
5638
5639
5640
5640
5641
5647
5648
5649
5650
5651
5653
5654
5655
5656
5656
5657
5658
5659
5661
5662
5662
5663
5665
5666
5666
5668
5669
5670
5671
5672
5673
5674
5674
5674
5675
5676
5676
5676
5677
5680
5680
5680
5680
5682
5683
5685
5687
5687
5687
5687
5688
5688
5690
5692
5692
5692
5693
5693
5694
5694
5695
5697
5697
5698
5699
5699
5699
5699
5701
5702
5702
5703
5703
5703
5704
5706
5706
5706
5706
5706
5707
5709
5709
5709
5709
5711
5711
5711
5711
5712
5713
5715
5717
5720
5720
5721
5721
5722
5724
5724
5726
5727
5732
5734
5736
5737
5738
5741
5747
5749
5751
5751
5752
5752
5754
5755
5755
5756
5758
5758
5759
5759
5760
5761
5762
5762
5765
5766
5767
5768
5768
5768
5768
5770
5771
5772
5773
5774
5774
5774
5775
5775
5776
5776
5776
5777
5777
5778
5778
5782
5784
5784
5788
5790
5790
5790
5792
5793
5794
5794
5795
5796
5799
5799
5799
5800
5800
5800
5801
5802
5803
5803
5805
5806
5806
5807
5807
5807
5807
5812
5814
5814
5816
5818
5823
5824
5824
5826
5826
5828
5829
5830
5831
5832
5832
5832
5833
5834
5835
5837
5837
5837
5839
5841
5841
5843
5844
5845
5846
5846
5846
5847
5848
5848
5848
5849
5850
5851
5851
5852
5852
5859
5861
5861
5864
5866
5868
5868
5869
5869
5870
5871
5872
5872
5872
5873
5875
5876
5877
5878
5878
5878
5879
5883
5884
5886
5889
5889
5891
5892
5898
5899
5902
5902
5904
5906
5908
5908
5909
5909
5909
5910
5911
5913
5913
5914
5914
5917
5919
5919
5920
5920
5920
5921
5922
5922
5924
5925
5925
5926
5926
5926
5928
5930
5932
5933
5933
5933
5934
5935
5937
5938
5939
5939
5939
5941
5941
5944
5944
5944
5945
5945
5946
5948
5948
5949
5950
5950
5951
5951
5951
5953
5955
5958
5959
5963
5963
5966
5967
5969
5970
5972
5974
5976
5977
5978
5978
5979
5979
5981
5983
5984
5986
5987
5989
5989
5993
5994
5995
5995
5995
5995
5996
5996
5996
5996
5997
5997
5998
5998
5999
6000
6001
6002
6004
6005
6006
6006
6006
6007
6008
6008
6008
6009
6011
6012
6013
6014
6015
6016
6017
6017
6017
6017
6019
6020
6021
6021
6022
6022
6022
6025
6029
6032
6036
6036
6036
6037
6037
6040
6040
6040
6042
6043
6044
6045
6047
6047
6050
6052
6054
6056
6057
6057
6057
6060
6062
6062
6062
6062
6064
6066
6066
6066
6067
6069
6069
6070
6070
6072
6072
6073
6073
6074
6076
6077
6077
6078
6078
6078
6080
6081
6081
6083
6083
6084
6084
6085
6086
6086
6089
6090
6091
6091
6092
6092
6093
6094
6096
6097
6098
6098
6099
6100
6101
6102
6103
6103
6104
6104
6104
6107
6107
6108
6110
6111
6111
6111
6111
6112
6112
6112
6113
6113
6113
6115
6116
6116
6117
6117
6117
6122
6123
6124
6126
6126
6127
6128
6128
6132
6133
6133
6134
6135
6136
6137
6139
6141
6141
6141
6142
6142
6142
6143
6145
6146
6147
6148
6151
6151
6155
6157
6157
6159
6160
6161
6164
6167
6171
6171
6172
6173
6173
6175
6175
6178
6181
6182
6182
6184
6185
6185
6186
6187
6187
6188
6188
6188
6190
6190
6190
6192
6193
6195
6196
6198
6198
6198
6201
6203
6205
6206
6207
6208
6209
6212
6212
6213
6214
6217
6218
6219
6221
6221
6222
6225
6226
6228
6229
6230
6230
6233
6234
6234
6235
6236
6237
6237
6239
6240
6240
6241
6242
6242
6243
6244
6244
6244
6245
6246
6246
6246
6246
6247
6247
6247
6248
6248
6251
6252
6254
6254
6254
6254
6254
6254
6254
6261
6263
6263
6264
6264
6265
6266
6267
6268
6268
6269
6270
6271
6272
6273
6273
6274
6274
6274
6276
6276
6276
6279
6280
6280
6280
6282
6285
6285
6285
6285
6291
6292
6294
6297
6297
6298
6298
6300
6302
6302
6303
6304
6304
6304
6305
6307
6309
6309
6310
6310
6310
6311
6312
6317
6318
6318
6319
6320
6320
6321
6321
6322
6325
6327
6329
6329
6332
6335
6336
6342
6342
6343
6344
6346
6347
6347
6347
6349
6349
6352
6354
6355
6359
6360
6360
6361
6361
6362
6363
6363
6371
6371
6372
6372
6372
6373
6373
6373
6376
6378
6378
6379
6379
6382
6383
6385
6390
6390
6390
6391
6392
6392
6393
6393
6394
6395
6395
6398
6399
6402
6402
6403
6403
6403
6403
6406
6407
6407
6408
6410
6412
6412
6412
6413
6414
6414
6414
6416
6416
6418
6420
6420
6421
6422
6422
6422
6423
6423
6424
6425
6426
6426
6427
6429
6431
6431
6431
6432
6433
6435
6436
6438
6440
6441
6442
6442
6442
6446
6446
6450
6450
6451
6452
6453
6453
6455
6458
6459
6461
6461
6461
6461
6462
6463
6463
6464
6465
6466
6466
6466
6466
6466
6468
6470
6471
6471
6472
6473
6474
6474
6475
6477
6479
6479
6480
6481
6483
6483
6484
6484
6485
6487
6489
6489
6491
6493
6494
6494
6494
6495
6496
6497
6497
6500
6502
6504
6504
6505
6505
6506
6506
6507
6508
6508
6508
6510
6514
6514
6514
6514
6516
6516
6516
6517
6517
6517
6518
6519
6521
6521
6521
6522
6522
6522
6522
6523
6524
6524
6526
6526
6527
6528
6529
6531
6532
6534
6535
6537
6538
6540
6540
6542
6544
6545
6545
6546
6546
6550
6550
6551
6552
6552
6554
6556
6558
6559
6560
6560
6560
6563
6565
6566
6567
6567
6568
6569
6569
6572
6572
6572
6573
6573
6574
6574
6577
6580
6581
6582
6582
6583
6584
6585
6588
6588
6589
6589
6589
6590
6591
6592
6595
6595
6596
6597
6598
6600
6602
6604
6605
6607
6608
6608
6608
6610
6612
6614
6615
6616
6616
6616
6617
6617
6618
6619
6619
6620
6620
6623
6624
6625
6625
6625
6626
6626
6628
6629
6629
6630
6631
6632
6632
6633
6633
6634
6635
6635
6635
6636
6637
6638
6639
6639
6639
6640
6640
6641
6642
6642
6645
6645
6646
6646
6648
6648
6650
6651
6652
6654
6655
6656
6657
6657
6659
6661
6661
6662
6664
6667
6667
6670
6672
6674
6678
6679
6679
6680
6680
6682
6683
6684
6687
6688
6688
6689
6690
6693
6695
6695
6695
6696
6697
6698
6698
6699
6702
6703
6704
6704
6706
6707
6710
6710
6710
6710
6711
6712
6712
6714
6715
6718
6725
6725
6727
6727
6729
6729
6729
6729
6732
6732
6733
6734
6734
6736
6739
6739
6739
6739
6739
6739
6741
6741
6742
6744
6745
6745
6746
6750
6751
6751
6751
6751
6752
6753
6755
6758
6759
6759
6760
6761
6761
6761
6762
6762
6762
6763
6767
6767
6768
6771
6771
6772
6773
6773
6773
6773
6774
6775
6776
6776
6779
6779
6783
6784
6785
6785
6787
6787
6788
6788
6789
6789
6790
6790
6790
6793
6795
6795
6796
6797
6797
6801
6802
6805
6805
6807
6807
6809
6811
6811
6811
6812
6812
6812
6815
6816
6818
6820
6822
6823
6825
6826
6828
6830
6830
6833
6834
6834
6834
6837
6838
6839
6839
6841
6843
6844
6845
6845
6846
6847
6847
6849
6851
6851
6851
6852
6853
6853
6854
6854
6855
6857
6859
6859
6860
6861
6862
6863
6864
6866
6866
6867
6867
6868
6870
6873
6874
6875
6876
6881
6882
6883
6884
6887
6889
6889
6889
6890
6891
6891
6892
6893
6893
6894
6897
6897
6898
6899
6899
6901
6902
6902
6903
6905
6906
6906
6907
6907
6910
6911
6911
6912
6912
6912
6913
6914
6914
6914
6916
6917
6917
6921
6921
6923
6923
6924
6926
6927
6927
6928
6929
6929
6929
6930
6930
6930
6932
6932
6933
6933
6934
6934
6935
6936
6937
6939
6941
6945
6946
6947
6947
6948
6948
6949
6949
6950
6950
6951
6951
6953
6955
6955
6956
6960
6961
6961
6962
6963
6964
6966
6966
6966
6966
6967
6968
6968
6970
6971
6974
6975
6975
6981
6982
6984
6984
6985
6985
6985
6985
6986
6987
6989
6990
6992
6992
6992
6993
6993
6994
7002
7003
7003
7003
7004
7004
7005
7006
7007
7008
7009
7009
7013
7013
7013
7014
7017
7017
7019
7023
7023
7026
7030
7033
7034
7034
7035
7037
7038
7038
7040
7041
7045
7045
7045
7046
7046
7048
7048
7053
7053
7053
7054
7055
7055
7057
7057
7057
7058
7060
7062
7064
7064
7065
7066
7071
7071
7071
7073
7074
7074
7075
7077
7078
7079
7084
7085
7086
7087
7088
7091
7092
7092
7093
7094
7094
7095
7096
7098
7100
7100
7100
7100
7100
7102
7107
7107
7110
7111
7112
7113
7114
7115
7116
7116
7116
7117
7119
7120
7121
7121
7122
7125
7127
7131
7131
7132
7132
7134
7135
7135
7135
7135
7135
7136
7138
7140
7140
7140
7142
7143
7143
7145
7146
7146
7146
7147
7148
7148
7148
7150
7150
7153
7153
7155
7156
7156
7156
7156
7157
7159
7159
7160
7160
7164
7165
7166
7167
7169
7169
7171
7172
7172
7172
7174
7175
7175
7176
7176
7177
7178
7178
7178
7180
7182
7183
7184
7184
7185
7186
7187
7187
7190
7190
7190
7192
7192
7193
7193
7193
7194
7195
7195
7196
7197
7199
7199
7199
7199
7200
7200
7200
7201
7201
7201
7201
7202
7203
7203
7204
7204
7204
7204
7205
7206
7207
7207
7209
7209
7209
7210
7210
7212
7212
7212
7212
7213
7213
7214
7214
7214
7214
7215
7216
7218
7218
7220
7221
7222
7223
7224
7224
7224
7227
7229
7229
7230
7230
7231
7231
7231
7231
7232
7232
7232
7233
7233
7234
7235
7237
7238
7239
7240
7240
7246
7247
7247
7249
7249
7250
7250
7251
7253
7255
7255
7255
7256
7257
7258
7259
7259
7260
7260
7261
7261
7262
7263
7263
7265
7265
7266
7267
7268
7271
7271
7272
7274
7278
7279
7279
7280
7283
7284
7284
7285
7287
7288
7289
7289
7291
7291
7292
7292
7293
7296
7296
7297
7298
7300
7300
7302
7304
7305
7305
7306
7306
7306
7307
7309
7310
7312
7312
7313
7314
7317
7317
7318
7319
7320
7320
7321
7321
7321
7321
7322
7322
7322
7323
7323
7323
7328
7328
7329
7331
7332
7333
7333
7334
7339
7340
7340
7342
7343
7344
7344
7344
7346
7346
7349
7350
7353
7353
7354
7355
7355
7355
7356
7357
7357
7359
7359
7361
7361
7363
7364
7366
7366
7367
7367
7368
7369
7370
7372
7373
7373
7375
7375
7376
7376
7376
7376
7377
7378
7379
7381
7382
7382
7383
7385
7385
7386
7390
7391
7392
7392
7392
7393
7393
7393
7395
7396
7398
7399
7400
7403
7403
7403
7404
7406
7407
7407
7410
7411
7411
7412
7413
7415
7415
7415
7416
7417
7417
7417
7418
7418
7419
7421
7421
7422
7423
7423
7424
7425
7427
7427
7427
7427
7428
7429
7429
7429
7430
7431
7432
7433
7434
7435
7435
7436
7436
7437
7437
7438
7441
7442
7443
7444
7444
7445
7445
7448
7449
7449
7449
7451
7451
7453
7453
7455
7455
7455
7455
7456
7457
7457
7458
7459
7459
7464
7465
7467
7469
7469
7470
7470
7470
7471
7471
7471
7472
7473
7475
7475
7475
7476
7476
7476
7477
7477
7477
7477
7478
7479
7479
7479
7479
7479
7480
7482
7482
7482
7483
7483
7485
7486
7487
7487
7489
7491
7491
7492
7492
7496
7497
7497
7497
7498
7499
7501
7501
7501
7502
7504
7504
7504
7507
7508
7510
7510
7511
7511
7512
7513
7514
7514
7516
7518
7519
7519
7520
7520
7521
7521
7526
7527
7527
7527
7527
7530
7530
7530
7531
7532
7535
7535
7535
7535
7537
7538
7539
7539
7540
7541
7541
7542
7546
7547
7548
7548
7549
7549
7550
7553
7553
7554
7555
7557
7558
7561
7563
7564
7565
7565
7569
7569
7573
7573
7574
7577
7578
7579
7580
7580
7583
7585
7586
7589
7589
7591
7592
7592
7593
7596
7596
7596
7596
7599
7599
7604
7604
7604
7605
7605
7605
7606
7606
7607
7609
7609
7610
7610
7612
7612
7612
7614
7615
7616
7617
7620
7621
7623
7624
7627
7629
7631
7633
7633
7635
7636
7638
7638
7638
7638
7640
7640
7642
7644
7644
7644
7645
7646
7647
7647
7648
7649
7650
7650
7651
7652
7655
7655
7656
7656
7658
7659
7660
7661
7662
7664
7665
7666
7666
7667
7668
7669
7673
7674
7677
7677
7678
7678
7679
7681
7681
7682
7683
7685
7687
7687
7693
7694
7694
7695
7695
7696
7696
7697
7698
7698
7700
7702
7703
7704
7704
7705
7705
7706
7706
7707
7707
7708
7710
7710
7711
7713
7713
7713
7713
7714
7715
7717
7719
7720
7721
7723
7724
7724
7725
7726
7726
7729
7730
7732
7734
7734
7734
7735
7736
7736
7736
7737
7738
7738
7738
7739
7739
7739
7739
7740
7742
7743
7744
7744
7744
7744
7744
7745
7746
7746
7747
7748
7752
7753
7753
7758
7759
7759
7759
7759
7760
7763
7763
7765
7767
7767
7772
7774
7775
7775
7775
7777
7777
7779
7780
7781
7783
7783
7784
7787
7787
7787
7788
7788
7790
7790
7791
7793
7795
7796
7798
7798
7798
7799
7799
7799
7800
7804
7808
7808
7808
7808
7808
7810
7810
7811
7811
7814
7817
7818
7818
7819
7821
7822
7824
7824
7825
7825
7825
7825
7826
7829
7830
7831
7831
7831
7833
7834
7836
7837
7838
7840
7840
7841
7841
7842
7842
7842
7843
7844
7845
7845
7845
7845
7848
7850
7852
7852
7852
7854
7855
7855
7861
7861
7864
7864
7865
7865
7869
7871
7872
7873
7873
7873
7876
7877
7877
7880
7881
7882
7883
7883
7886
7889
7890
7891
7896
7898
7898
7899
7902
7904
7905
7905
7906
7906
7906
7912
7912
7914
7915
7915
7917
7917
7917
7918
7919
7920
7920
7920
7920
7920
7922
7924
7924
7925
7925
7925
7927
7927
7928
7929
7931
7933
7934
7934
7934
7935
7940
7941
7944
7944
7944
7947
7947
7947
7948
7948
7949
7951
7951
7951
7954
7955
7957
7958
7961
7961
7963
7964
7964
7964
7965
7965
7965
7965
7966
7967
7968
7968
7971
7971
7974
7974
7975
7976
7978
7979
7982
7983
7983
7984
7985
7986
7987
7988
7989
7989
7991
7992
7993
7993
7993
7994
7994
7995
7996
7997
7998
7998
7999
7999
7999
7999
8000
8000
8001
8003
8004
8004
8005
8006
8008
8008
8008
8008
8011
8012
8012
8016
8016
8016
8020
8020
8021
8021
8021
8022
8023
8023
8023
8023
8025
8026
8026
8026
8026
8027
8027
8027
8029
8029
8030
8031
8032
8034
8036
8037
8038
8039
8041
8042
8043
8043
8044
8046
8047
8048
8052
8052
8053
8054
8055
8055
8057
8057
8057
8057
8057
8057
8058
8059
8059
8060
8063
8068
8070
8070
8072
8073
8073
8073
8074
8074
8074
8074
8075
8075
8077
8077
8080
8081
8081
8081
8082
8082
8082
8083
8083
8084
8085
8085
8089
8090
8093
8094
8097
8097
8098
8103
8103
8104
8104
8104
8105
8106
8106
8106
8106
8108
8109
8110
8110
8111
8113
8116
8116
8117
8117
8120
8120
8120
8120
8120
8120
8121
8121
8122
8123
8126
8127
8127
8127
8128
8129
8130
8130
8131
8131
8131
8132
8133
8133
8134
8137
8138
8139
8142
8142
8143
8144
8144
8144
8145
8148
8149
8150
8153
8155
8155
8155
8156
8158
8158
8160
8161
8162
8163
8163
8165
8166
8167
8167
8168
8168
8168
8168
8171
8173
8174
8174
8175
8176
8177
8178
8179
8179
8180
8182
8182
8185
8187
8187
8188
8191
8191
8192
8194
8195
8196
8196
8197
8197
8198
8198
8199
8199
8200
8201
8202
8205
8205
8207
8207
8210
8210
8212
8212
8212
8214
8215
8216
8218
8218
8219
8220
8220
8221
8221
8221
8223
8223
8224
8225
8226
8226
8227
8228
8229
8230
8230
8231
8231
8233
8234
8236
8237
8240
8240
8240
8241
8241
8246
8251
8251
8252
8252
8255
8258
8259
8261
8261
8264
8265
8266
8266
8268
8268
8269
8269
8271
8272
8272
8275
8276
8276
8277
8277
8278
8279
8279
8280
8285
8285
8286
8288
8289
8290
8291
8292
8292
8292
8293
8294
8295
8296
8296
8296
8296
8298
8299
8300
8301
8303
8303
8303
8303
8308
8308
8311
8313
8313
8313
8314
8315
8315
8316
8319
8319
8321
8321
8321
8322
8322
8323
8323
8323
8324
8327
8328
8328
8328
8329
8329
8329
8332
8333
8335
8335
8337
8337
8338
8339
8339
8340
8341
8341
8342
8343
8345
8347
8347
8349
8350
8350
8350
8351
8352
8353
8353
8354
8355
8356
8358
8358
8359
8359
8359
8362
8363
8365
8365
8366
8366
8367
8368
8369
8370
8370
8370
8372
8372
8372
8374
8375
8375
8376
8377
8379
8379
8379
8380
8380
8381
8385
8385
8386
8386
8386
8386
8387
8387
8388
8388
8388
8389
8390
8394
8395
8395
8395
8395
8395
8395
8400
8401
8401
8402
8403
8403
8405
8406
8407
8407
8407
8408
8408
8409
8410
8410
8412
8414
8415
8417
8418
8418
8418
8419
8420
8422
8423
8424
8425
8426
8427
8429
8429
8429
8430
8431
8432
8432
8432
8437
8437
8437
8438
8439
8440
8443
8443
8444
8444
8446
8447
8447
8448
8449
8451
8453
8454
8454
8456
8457
8458
8459
8460
8460
8460
8460
8461
8461
8461
8462
8464
8464
8465
8465
8465
8467
8467
8468
8469
8471
8472
8472
8473
8476
8477
8478
8480
8480
8480
8481
8481
8482
8482
8482
8483
8483
8484
8485
8485
8486
8487
8488
8489
8489
8490
8491
8491
8492
8492
8493
8493
8494
8495
8495
8497
8497
8497
8498
8498
8498
8499
8499
8501
8502
8503
8504
8506
8507
8509
8509
8511
8512
8512
8513
8515
8516
8517
8518
8523
8526
8526
8527
8527
8527
8528
8528
8529
8529
8529
8530
8531
8532
8533
8533
8535
8539
8542
8543
8544
8544
8547
8547
8547
8548
8548
8549
8549
8549
8549
8550
8551
8552
8554
8554
8554
8555
8559
8559
8560
8561
8563
8568
8570
8570
8572
8573
8576
8578
8579
8579
8584
8585
8585
8585
8587
8587
8588
8588
8589
8590
8590
8591
8591
8592
8594
8595
8598
8599
8600
8600
8601
8605
8605
8607
8609
8611
8612
8612
8613
8614
8617
8620
8621
8622
8626
8628
8628
8629
8629
8630
8633
8635
8635
8637
8638
8640
8640
8641
8642
8642
8642
8642
8643
8643
8645
8645
8646
8646
8647
8649
8650
8651
8652
8653
8653
8654
8655
8656
8657
8657
8658
8658
8659
8661
8662
8662
8662
8662
8663
8663
8664
8664
8665
8665
8665
8665
8667
8667
8668
8668
8669
8670
8671
8673
8673
8673
8675
8677
8680
8680
8682
8684
8685
8688
8688
8689
8689
8691
8691
8695
8695
8696
8696
8698
8698
8699
8699
8699
8700
8700
8701
8704
8704
8705
8707
8708
8709
8711
8711
8713
8717
8718
8722
8722
8723
8723
8724
8726
8727
8728
8729
8730
8732
8732
8733
8733
8734
8735
8736
8736
8736
8739
8739
8740
8740
8744
8745
8745
8747
8747
8748
8748
8749
8750
8750
8756
8756
8758
8758
8758
8758
8758
8759
8759
8760
8760
8761
8762
8763
8763
8763
8767
8768
8769
8769
8770
8771
8771
8771
8772
8773
8775
8777
8778
8779
8780
8780
8781
8782
8783
8783
8784
8784
8785
8788
8788
8789
8792
8792
8796
8796
8797
8798
8799
8800
8801
8801
8801
8802
8804
8806
8806
8807
8807
8808
8808
8810
8810
8810
8811
8814
8814
8814
8815
8815
8815
8816
8817
8817
8818
8818
8819
8822
8823
8823
8823
8823
8824
8825
8825
8826
8828
8828
8829
8830
8830
8833
8834
8835
8837
8837
8838
8839
8840
8840
8840
8840
8841
8841
8843
8844
8844
8844
8845
8846
8848
8852
8853
8853
8853
8854
8854
8855
8856
8857
8858
8858
8859
8859
8859
8861
8862
8863
8863
8864
8865
8867
8868
8868
8871
8871
8872
8873
8876
8877
8878
8881
8881
8882
8882
8883
8883
8884
8888
8889
8890
8892
8892
8894
8895
8895
8895
8897
8898
8899
8899
8900
8900
8902
8902
8902
8902
8902
8903
8903
8904
8906
8906
8907
8909
8910
8910
8911
8912
8912
8912
8913
8915
8915
8917
8918
8920
8920
8920
8921
8922
8922
8922
8923
8929
8929
8931
8931
8931
8934
8934
8937
8939
8941
8942
8943
8944
8945
8945
8945
8946
8946
8947
8947
8947
8948
8949
8950
8950
8951
8951
8952
8954
8954
8957
8959
8960
8963
8964
8965
8965
8966
8967
8968
8970
8970
8971
8976
8977
8980
8982
8983
8983
8984
8985
8989
8990
8990
8990
8993
8995
8995
8995
8996
8997
8998
9000
9001
9001
9003
9005
9007
9009
9009
9010
9010
9011
9011
9011
9013
9014
9014
9014
9018
9019
9020
9020
9021
9022
9022
9022
9023
9025
9025
9026
9026
9030
9031
9034
9034
9035
9035
9036
9037
9038
9039
9040
9042
9042
9043
9043
9045
9046
9046
9047
9048
9048
9050
9051
9051
9051
9051
9052
9053
9054
9054
9055
9056
9057
9058
9058
9059
9060
9061
9061
9061
9062
9062
9063
9066
9070
9070
9071
9071
9072
9072
9075
9077
9078
9078
9080
9081
9082
9083
9084
9084
9085
9086
9086
9087
9088
9088
9088
9089
9090
9090
9091
9093
9093
9094
9094
9094
9094
9098
9098
9101
9101
9101
9105
9106
9108
9109
9109
9111
9111
9111
9112
9112
9113
9115
9117
9118
9118
9119
9119
9122
9123
9125
9125
9126
9126
9127
9133
9133
9133
9135
9137
9138
9138
9139
9139
9142
9145
9145
9145
9146
9146
9146
9147
9149
9149
9149
9149
9150
9150
9150
9152
9152
9153
9154
9155
9155
9156
9157
9158
9159
9160
9160
9161
9161
9162
9162
9163
9163
9164
9166
9166
9166
9167
9167
9168
9169
9169
9169
9170
9172
9174
9179
9179
9181
9181
9181
9182
9182
9185
9185
9185
9186
9186
9187
9188
9189
9190
9193
9195
9196
9197
9203
9204
9204
9204
9205
9205
9206
9206
9206
9207
9208
9208
9208
9209
9212
9212
9213
9214
9214
9216
9216
9216
9217
9218
9218
9218
9219
9219
9222
9222
9222
9223
9223
9226
9230
9232
9235
9236
9237
9237
9240
9242
9243
9243
9244
9244
9245
9247
9249
9249
9250
9251
9252
9253
9254
9254
9255
9255
9256
9257
9259
9260
9262
9263
9263
9264
9264
9266
9267
9268
9269
9274
9274
9274
9275
9276
9276
9278
9281
9281
9283
9283
9284
9286
9287
9287
9288
9290
9291
9293
9294
9294
9294
9295
9295
9295
9296
9296
9296
9297
9297
9297
9298
9299
9300
9301
9302
9302
9303
9304
9304
9305
9306
9306
9307
9310
9312
9312
9314
9314
9316
9318
9318
9318
9318
9320
9323
9323
9323
9324
9326
9329
9329
9329
9332
9336
9336
9341
9342
9342
9344
9347
9349
9350
9350
9350
9350
9351
9351
9352
9352
9353
9354
9355
9356
9358
9359
9359
9360
9360
9360
9360
9361
9361
9364
9364
9366
9366
9366
9366
9367
9368
9369
9371
9371
9373
9374
9376
9376
9376
9377
9379
9380
9381
9381
9381
9383
9383
9383
9384
9385
9386
9386
9388
9388
9388
9390
9391
9392
9394
9394
9396
9397
9398
9398
9398
9400
9400
9402
9402
9402
9402
9403
9404
9404
9404
9405
9406
9407
9408
9408
9409
9409
9412
9413
9415
9415
9418
9418
9418
9421
9421
9421
9422
9422
9424
9424
9425
9425
9425
9425
9426
9427
9430
9430
9431
9433
9433
9434
9435
9440
9441
9443
9447
9447
9448
9450
9450
9450
9452
9454
9454
9454
9455
9455
9455
9456
9457
9457
9458
9458
9459
9460
9461
9461
9461
9462
9464
9464
9464
9465
9466
9466
9467
9469
9469
9471
9471
9473
9474
9475
9478
9480
9481
9482
9484
9485
9488
9490
9491
9491
9491
9493
9494
9494
9494
9495
9495
9497
9498
9500
9501
9502
9502
9503
9506
9506
9506
9507
9508
9509
9511
9512
9512
9514
9517
9520
9521
9522
9523
9525
9527
9528
9529
9530
9531
9532
9534
9535
9535
9536
9537
9539
9540
9540
9540
9541
9541
9542
9543
9543
9544
9544
9545
9547
9548
9549
9549
9550
9550
9551
9552
9553
9553
9554
9555
9556
9558
9559
9560
9560
9560
9561
9563
9564
9564
9564
9566
9567
9568
9568
9568
9568
9569
9569
9571
9572
9572
9572
9574
9574
9575
9578
9579
9581
9581
9582
9582
9583
9584
9586
9586
9590
9590
9590
9591
9592
9593
9593
9594
9595
9595
9595
9597
9600
9601
9601
9604
9605
9606
9607
9608
9608
9608
9609
9611
9613
9616
9621
9622
9622
9625
9627
9627
9627
9627
9628
9628
9632
9634
9636
9640
9641
9642
9642
9643
9647
9648
9649
9651
9652
9654
9654
9654
9656
9656
9656
9657
9657
9658
9658
9658
9658
9659
9660
9663
9664
9667
9667
9668
9669
9672
9673
9673
9674
9676
9678
9680
9682
9684
9684
9685
9686
9686
9686
9687
9687
9688
9688
9689
9689
9689
9690
9690
9691
9694
9694
9695
9696
9696
9697
9700
9700
9700
9701
9703
9705
9706
9706
9706
9706
9707
9709
9710
9710
9711
9711
9712
9712
9713
9713
9714
9715
9715
9716
9716
9717
9722
9722
9724
9724
9725
9727
9728
9729
9731
9732
9732
9732
9735
9737
9737
9739
9740
9741
9742
9742
9743
9744
9745
9745
9746
9746
9746
9746
9748
9748
9749
9749
9750
9752
9752
9754
9755
9755
9757
9757
9758
9758
9758
9760
9764
9765
9769
9770
9771
9772
9772
9773
9773
9774
9774
9775
9776
9777
9779
9779
9780
9780
9782
9785
9785
9786
9788
9788
9789
9789
9790
9790
9791
9792
9793
9793
9793
9795
9797
9799
9799
9802
9803
9804
9805
9805
9806
9807
9809
9809
9810
9810
9811
9812
9812
9813
9813
9814
9815
9815
9816
9817
9818
9818
9820
9821
9821
9829
9830
9831
9832
9833
9835
9835
9836
9840
9841
9841
9842
9843
9844
9845
9845
9846
9846
9847
9848
9848
9848
9850
9852
9852
9854
9854
9855
9856
9857
9859
9860
9862
9864
9866
9866
9868
9868
9868
9868
9869
9869
9871
9871
9871
9871
9872
9874
9874
9875
9875
9875
9876
9878
9878
9880
9882
9882
9885
9888
9889
9889
9889
9890
9891
9891
9892
9893
9898
9898
9899
9899
9900
9901
9902
9902
9902
9905
9905
9905
9907
9908
9909
9909
9910
9911
9911
9913
9914
9914
9915
9915
9915
9916
9916
9916
9917
9919
9920
9922
9925
9926
9926
9926
9927
9929
9931
9933
9934
9936
9937
9938
9940
9940
9940
9940
9940
9941
9941
9942
9944
9945
9946
9947
9951
9952
9952
9953
9953
9954
9956
9956
9957
9957
9960
9963
9963
9966
9966
9966
9966
9967
9969
9969
9970
9970
9970
9971
9972
9972
9974
9976
9977
9978
9979
9980
9981
9982
9983
9984
9987
9987
9987
9991
9992
9993
9994
9996
9997
9998
9999
9999
