1000
0
2
5
6
7
8
8
13
13
14
15
15
16
17
17
18
18
18
18
19
19
20
20
21
22
25
26
26
28
30
31
32
33
33
33
34
34
35
35
35
36
37
38
38
40
41
42
43
44
47
47
47
51
51
51
52
52
53
53
54
54
55
56
56
56
57
58
60
60
60
62
62
63
63
67
67
68
69
71
73
75
76
77
78
79
80
81
81
82
85
86
86
87
90
91
94
94
95
95
95
97
97
100
100
102
104
105
106
107
108
108
109
109
109
111
112
112
114
115
117
117
118
118
119
121
121
121
122
122
124
124
124
124
125
127
127
127
130
132
133
135
136
136
136
137
138
138
142
150
150
151
153
153
154
155
157
158
158
158
159
159
160
161
163
164
164
164
171
171
173
173
174
174
175
177
178
178
179
179
180
180
181
182
188
189
193
193
196
196
196
198
198
198
199
199
200
201
201
201
201
203
204
206
206
209
210
210
211
212
216
216
217
217
219
219
221
221
221
223
225
226
226
226
227
228
229
229
229
233
233
234
235
236
237
237
237
239
240
240
244
245
246
248
250
250
251
252
252
253
253
254
255
256
257
258
259
259
260
261
261
262
262
262
264
264
265
265
266
267
267
267
267
271
271
272
273
274
276
277
278
280
280
283
283
283
284
285
286
286
286
287
287
290
292
293
293
294
295
296
298
298
299
304
304
304
305
306
306
306
307
310
311
312
312
313
313
316
317
320
321
323
323
323
324
324
326
327
327
328
328
331
331
331
332
332
334
337
340
340
341
342
345
346
348
349
350
352
355
355
355
358
359
359
360
362
362
363
364
364
365
365
368
368
368
372
374
374
375
375
377
377
378
380
380
383
386
387
388
389
392
393
393
393
393
395
398
399
400
400
400
401
401
401
402
403
403
403
404
404
407
407
408
411
411
411
411
412
412
415
416
416
417
417
420
421
421
422
422
422
422
422
422
423
424
426
428
428
429
431
432
433
436
436
437
437
438
439
441
442
442
443
444
447
449
449
450
451
453
455
456
458
458
458
459
460
461
463
463
464
465
466
466
467
468
468
468
469
470
471
471
471
472
473
473
473
476
479
480
481
481
482
484
485
488
488
488
488
489
490
490
493
494
494
497
498
500
500
501
502
505
506
506
506
508
509
510
514
516
516
518
519
521
521
522
522
525
525
526
527
528
533
534
536
537
539
539
539
541
542
545
545
547
548
548
548
549
549
549
549
549
550
553
553
553
558
561
562
562
562
565
568
568
568
569
570
570
571
574
575
576
578
578
578
579
580
581
581
581
584
585
587
587
588
588
589
589
589
589
590
590
590
591
592
593
594
597
598
598
599
600
600
603
604
606
607
609
609
609
611
611
612
612
613
614
614
615
615
615
615
618
619
619
620
624
626
627
627
627
628
628
630
631
631
631
632
632
632
633
634
636
637
638
641
641
643
643
644
645
645
646
647
649
650
652
653
653
653
653
655
656
656
657
657
658
658
660
662
663
663
666
666
666
666
667
667
667
667
668
668
669
670
671
673
674
675
676
680
680
683
684
685
685
685
686
686
687
687
687
687
688
691
692
692
693
694
694
695
695
696
698
699
699
700
702
703
704
704
705
707
707
709
709
710
711
712
713
713
713
714
714
714
715
716
716
717
718
719
719
721
723
725
726
726
727
727
728
731
731
731
731
733
735
735
738
742
744
746
746
746
748
750
750
750
751
751
752
753
753
754
755
756
756
757
757
757
759
760
761
761
761
761
762
762
766
767
767
768
768
770
772
776
782
783
783
784
785
788
788
788
790
790
793
793
794
795
795
796
796
799
800
804
805
805
806
807
807
808
808
811
813
814
814
814
816
816
817
817
818
818
820
820
823
824
825
826
827
828
828
828
829
833
834
835
835
836
839
839
839
840
841
841
843
843
843
843
845
846
848
850
851
851
851
852
853
853
853
855
856
856
858
858
859
861
861
862
863
867
867
868
871
872
873
873
875
877
877
877
878
878
879
882
882
883
884
886
886
886
887
887
890
891
892
892
892
892
892
893
895
897
898
898
898
902
903
903
905
908
909
909
910
911
912
913
914
915
915
916
916
916
917
920
922
923
923
924
924
926
927
929
929
929
931
932
932
935
936
936
938
938
939
940
940
940
942
943
944
944
944
946
946
946
946
947
948
950
950
952
952
952
953
955
955
955
956
958
959
959
962
963
963
964
964
964
966
966
967
968
968
969
970
972
974
976
977
978
981
988
988
989
990
990
990
991
994
995
995
996
996
999
999
