1000
1
3
6
8
8
9
9
9
11
15
16
17
18
18
19
20
22
22
23
24
25
28
29
29
30
31
33
34
35
36
38
38
39
39
39
40
41
44
45
47
49
50
51
51
53
53
54
54
55
57
60
61
61
63
64
64
65
66
67
69
70
72
73
74
75
76
77
78
79
79
80
80
81
82
83
86
86
86
87
87
88
88
88
88
89
90
90
91
92
96
96
97
98
99
101
101
103
104
105
106
108
109
109
109
110
110
111
113
113
113
116
117
118
118
120
121
121
121
123
123
124
124
128
129
130
130
132
132
132
133
133
133
136
138
139
140
142
143
144
144
145
147
148
149
150
152
152
154
154
157
159
160
160
162
163
163
164
165
165
166
167
169
169
169
171
171
172
172
173
173
173
174
174
176
176
176
179
179
181
181
181
182
183
185
185
185
186
190
194
195
197
199
201
202
203
204
205
205
206
207
207
211
214
215
215
219
221
221
221
222
223
224
225
226
227
229
229
230
230
231
232
233
233
233
233
235
236
237
237
237
239
239
240
240
241
242
243
245
246
247
247
249
250
251
252
252
254
255
256
259
260
260
260
261
261
262
265
265
266
266
271
271
272
273
274
275
276
278
278
279
279
280
281
283
283
284
285
285
286
287
287
287
290
290
291
292
292
292
292
292
293
294
294
295
296
297
297
297
298
304
305
305
308
308
308
308
310
310
312
315
315
316
319
319
320
321
322
323
324
325
327
327
329
329
330
333
334
334
336
338
339
339
344
344
346
348
348
349
351
352
353
354
355
356
356
359
359
359
361
363
367
369
370
371
373
374
375
376
376
377
377
378
380
381
383
389
389
392
393
393
393
396
396
397
398
398
400
400
401
402
404
405
406
411
412
412
413
415
415
416
416
417
417
418
419
419
420
423
426
426
426
427
427
428
429
429
430
430
430
430
432
432
433
433
434
434
435
439
439
439
439
442
443
443
443
445
446
447
448
450
450
451
452
452
453
453
454
455
456
458
459
460
460
461
462
465
466
466
467
467
468
469
471
472
473
474
475
478
478
478
480
481
481
484
484
485
487
488
490
491
491
491
491
492
493
496
496
497
497
498
498
498
499
500
500
501
501
503
503
503
504
504
505
506
507
509
509
509
511
511
514
514
515
515
516
516
519
519
520
520
521
523
525
527
527
527
527
528
528
528
529
531
533
533
534
534
535
538
540
540
543
544
548
550
550
552
553
555
556
557
560
565
570
570
570
571
572
573
573
575
576
578
578
580
580
580
581
582
583
583
585
586
587
587
588
588
589
591
591
592
593
595
596
597
597
598
601
601
604
605
605
606
606
607
607
609
610
610
610
611
613
614
615
616
616
617
617
618
618
619
620
621
621
621
623
625
625
625
626
626
628
628
631
633
634
635
635
637
637
637
638
638
639
640
641
641
642
644
645
645
646
646
647
649
651
654
659
659
659
660
661
662
664
665
665
665
666
666
666
668
668
670
671
673
673
676
677
677
679
679
679
680
681
681
683
684
684
684
685
685
686
687
687
687
687
688
688
690
692
692
694
694
694
695
696
698
698
703
703
704
706
707
707
711
713
713
714
717
717
717
717
717
718
718
719
723
723
725
725
725
727
727
728
729
729
730
730
731
732
734
735
735
736
736
740
741
741
741
742
743
745
746
746
748
748
749
749
749
750
750
751
751
754
755
757
757
757
757
757
759
761
761
761
762
765
766
766
767
769
769
769
770
772
773
775
778
779
779
783
783
784
785
785
785
785
786
788
789
789
792
793
793
794
795
796
797
798
798
798
799
799
800
800
801
801
806
807
808
811
811
812
812
813
816
817
819
822
822
822
823
823
823
824
824
825
827
828
828
829
832
834
834
838
840
843
845
845
845
847
847
847
848
849
849
849
849
850
851
852
853
854
854
854
855
856
856
857
859
860
860
861
861
862
862
863
863
864
866
867
867
869
871
874
875
876
876
877
877
879
881
882
883
883
883
884
884
885
886
886
887
887
887
888
888
888
889
890
892
893
894
894
895
895
896
898
899
900
901
901
902
902
903
904
904
906
907
910
911
913
914
915
915
916
917
917
917
918
918
921
922
923
923
923
924
924
925
925
925
927
930
931
933
934
934
936
937
937
937
938
941
941
942
942
943
943
943
945
946
947
948
952
954
955
956
956
957
958
959
961
961
963
963
964
965
965
966
966
966
967
967
967
967
971
972
973
974
976
976
977
977
978
978
980
981
981
982
986
988
988
988
990
990
992
993
996
996
998
999
999
999
