10000
1
1
3
4
5
6
7
7
8
8
10
10
13
13
16
17
18
19
20
20
22
23
25
25
26
26
26
27
28
29
32
34
36
37
37
37
38
38
39
39
40
44
45
48
49
49
50
51
51
54
54
55
56
56
58
59
60
62
62
63
63
64
66
68
69
69
75
77
78
78
78
79
79
79
80
80
82
82
82
82
83
83
83
84
84
85
85
86
88
88
88
89
91
92
92
92
93
94
94
97
97
98
102
103
104
104
104
108
108
108
108
110
115
116
116
116
116
117
118
119
122
123
124
126
130
131
131
133
134
134
134
136
138
138
139
140
142
143
144
144
144
147
148
149
150
150
151
151
152
154
155
156
157
159
159
161
162
162
166
169
169
169
169
172
174
174
176
177
178
180
181
183
184
186
187
187
187
187
188
188
191
193
195
197
199
201
202
203
203
204
208
209
209
210
210
211
212
212
212
213
214
218
220
221
222
223
226
226
231
232
232
233
233
234
234
239
239
240
240
240
241
242
243
245
245
248
248
252
252
253
253
253
254
256
258
259
261
262
262
263
263
263
264
265
266
267
267
267
269
269
269
271
272
272
273
274
276
279
279
279
280
281
282
284
284
284
289
289
291
291
291
292
292
295
296
296
296
302
302
303
309
310
310
310
311
313
314
314
316
316
316
318
318
318
319
320
320
321
321
322
325
326
327
329
332
337
337
338
340
340
341
341
341
342
342
343
344
344
344
347
347
347
347
349
350
350
351
353
357
358
358
359
360
360
363
363
364
364
365
367
367
368
369
372
372
375
375
376
376
377
379
382
382
384
384
387
388
390
391
395
395
395
395
395
396
397
397
397
398
398
398
399
402
402
403
405
405
406
406
408
409
413
414
415
417
419
419
419
420
420
421
421
421
422
427
428
428
429
429
429
430
430
431
431
431
435
435
436
440
440
440
443
447
447
447
448
449
450
452
452
452
452
453
453
453
453
454
454
455
455
456
457
458
459
459
459
460
460
460
461
463
464
464
466
469
469
470
474
474
475
476
477
477
477
477
479
480
481
481
481
484
485
486
486
488
491
491
492
492
493
495
495
498
498
498
501
502
502
502
505
507
509
509
510
512
512
513
514
514
514
515
516
518
518
521
521
521
523
524
526
526
527
527
528
531
532
535
536
536
538
538
539
540
541
543
543
548
549
549
550
552
552
553
554
554
554
555
555
556
556
558
559
562
562
563
565
565
565
567
568
569
569
570
570
572
572
573
574
575
575
576
579
580
582
583
583
584
584
584
585
585
587
587
588
589
590
590
590
591
592
593
594
595
595
597
597
598
600
601
601
601
602
602
602
602
604
605
607
609
609
611
612
612
613
613
613
614
614
615
615
616
616
617
617
618
618
619
620
620
623
626
627
628
628
628
629
630
632
632
632
632
634
634
636
636
636
637
637
638
639
641
642
642
642
643
643
645
646
647
647
650
651
651
651
652
652
654
654
654
656
659
659
659
659
660
662
664
664
664
665
666
666
668
669
670
671
671
671
671
672
672
673
673
676
678
678
679
680
682
682
683
684
684
685
688
689
691
691
692
693
695
695
696
696
698
698
700
701
706
706
707
707
708
709
711
711
711
712
713
715
718
719
721
724
728
731
731
732
732
732
734
737
738
738
739
740
740
740
740
743
744
744
744
746
747
748
750
750
750
752
752
753
753
754
755
758
758
760
760
765
766
767
767
767
768
770
770
771
772
772
772
773
775
775
776
777
777
778
779
780
783
783
786
786
787
788
789
789
789
791
792
792
793
793
794
794
794
795
796
796
798
798
800
801
801
803
805
806
808
810
811
811
812
812
812
814
815
815
817
817
820
820
820
821
825
825
826
827
827
827
828
828
828
829
829
829
830
833
833
835
836
837
838
838
840
842
845
845
845
846
847
848
849
849
850
851
851
852
853
854
854
855
856
856
856
861
862
862
862
863
863
863
866
866
866
866
867
867
867
868
868
871
871
871
872
873
873
874
876
877
878
880
881
881
882
883
884
886
888
888
889
889
889
891
892
893
894
894
894
894
896
897
897
898
901
903
904
904
906
909
909
910
911
913
917
917
918
919
920
920
921
922
923
924
926
927
928
928
929
929
931
933
934
934
935
935
936
940
940
941
943
944
944
945
945
946
947
949
949
953
954
954
962
962
962
963
965
965
966
966
968
968
971
972
974
975
975
975
975
976
976
977
977
978
979
980
981
981
983
984
984
987
987
987
988
989
990
990
994
994
994
995
996
998
1001
1004
1005
1005
1005
1006
1007
1008
1009
1009
1010
1010
1011
1011
1013
1016
1017
1017
1018
1020
1025
1025
1027
1028
1028
1031
1035
1035
1036
1037
1038
1038
1042
1045
1047
1047
1049
1050
1050
1052
1053
1054
1054
1055
1056
1056
1056
1057
1057
1059
1059
1062
1062
1066
1066
1067
1070
1071
1072
1072
1074
1075
1077
1077
1078
1080
1081
1082
1083
1085
1088
1088
1088
1088
1088
1089
1089
1091
1092
1092
1093
1094
1094
1095
1095
1095
1096
1096
1096
1097
1098
1102
1102
1103
1103
1104
1104
1106
1107
1107
1108
1108
1108
1109
1111
1111
1113
1115
1116
1117
1118
1118
1118
1119
1120
1122
1122
1125
1125
1129
1129
1133
1133
1134
1134
1134
1134
1135
1136
1140
1141
1142
1144
1145
1147
1147
1147
1147
1148
1149
1150
1152
1154
1155
1155
1155
1156
1156
1159
1159
1159
1160
1161
1161
1162
1162
1163
1163
1165
1166
1166
1167
1167
1169
1170
1173
1174
1175
1176
1177
1178
1178
1179
1179
1180
1181
1181
1182
1182
1183
1184
1185
1185
1186
1186
1186
1191
1192
1193
1194
1197
1201
1202
1202
1204
1204
1206
1206
1207
1208
1210
1214
1215
1216
1217
1219
1219
1220
1220
1220
1221
1222
1222
1224
1226
1226
1227
1229
1230
1230
1232
1233
1233
1236
1236
1238
1238
1241
1242
1243
1243
1246
1247
1247
1247
1248
1249
1251
1252
1253
1253
1257
1259
1261
1261
1263
1263
1265
1265
1265
1266
1268
1270
1271
1271
1272
1273
1274
1274
1275
1276
1277
1279
1280
1280
1281
1283
1288
1290
1291
1292
1293
1293
1293
1294
1295
1295
1297
1298
1299
1300
1301
1302
1305
1305
1306
1306
1307
1307
1308
1309
1311
1311
1312
1313
1313
1313
1314
1314
1315
1316
1318
1318
1318
1319
1320
1325
1326
1327
1327
1328
1329
1329
1330
1331
1332
1332
1334
1334
1335
1336
1340
1341
1341
1342
1342
1344
1344
1345
1347
1347
1350
1352
1352
1353
1353
1354
1357
1357
1363
1365
1367
1367
1368
1368
1369
1370
1372
1372
1372
1373
1377
1377
1378
1378
1379
1381
1381
1382
1383
1383
1383
1383
1384
1387
1392
1393
1393
1394
1394
1395
1396
1396
1397
1398
1398
1398
1399
1399
1399
1400
1401
1403
1403
1404
1404
1405
1406
1406
1409
1409
1410
1410
1410
1411
1412
1412
1414
1414
1415
1415
1415
1415
1416
1417
1417
1418
1418
1418
1419
1419
1421
1422
1423
1423
1424
1426
1426
1426
1426
1427
1431
1432
1432
1433
1434
1434
1434
1435
1436
1436
1436
1436
1439
1441
1441
1441
1443
1444
1446
1446
1447
1447
1447
1447
1448
1448
1450
1450
1451
1454
1454
1455
1455
1455
1457
1459
1460
1461
1461
1462
1462
1466
1469
1470
1470
1472
1474
1478
1480
1480
1480
1481
1481
1481
1483
1484
1485
1485
1485
1485
1485
1485
1486
1490
1490
1490
1492
1492
1492
1493
1495
1497
1498
1499
1500
1502
1502
1503
1506
1506
1508
1509
1509
1510
1510
1511
1512
1513
1514
1515
1515
1515
1517
1519
1519
1519
1519
1520
1522
1522
1522
1525
1527
1527
1528
1530
1531
1531
1532
1533
1534
1534
1534
1534
1535
1535
1535
1539
1540
1541
1543
1544
1545
1545
1546
1546
1547
1548
1550
1551
1551
1551
1552
1553
1555
1556
1557
1558
1558
1559
1559
1563
1564
1564
1564
1566
1566
1567
1568
1568
1569
1571
1571
1572
1574
1575
1576
1576
1576
1577
1578
1580
1581
1581
1582
1583
1583
1584
1585
1585
1585
1590
1590
1591
1592
1592
1593
1594
1595
1595
1596
1600
1603
1604
1604
1607
1607
1608
1608
1608
1608
1608
1608
1611
1612
1612
1613
1613
1614
1614
1615
1615
1617
1618
1618
1618
1619
1620
1620
1621
1621
1623
1623
1623
1624
1624
1624
1625
1625
1626
1626
1627
1627
1628
1629
1629
1630
1631
1635
1635
1636
1637
1638
1638
1639
1640
1642
1642
1642
1643
1645
1646
1648
1649
1649
1650
1650
1651
1652
1652
1654
1655
1656
1658
1659
1660
1662
1663
1664
1665
1669
1670
1670
1672
1673
1674
1675
1675
1677
1678
1678
1679
1679
1680
1680
1683
1684
1685
1686
1687
1687
1688
1689
1690
1691
1691
1691
1691
1693
1695
1697
1698
1698
1698
1700
1700
1702
1702
1703
1703
1703
1705
1705
1705
1706
1706
1709
1710
1710
1711
1711
1711
1712
1713
1713
1715
1717
1717
1717
1717
1718
1719
1720
1720
1720
1722
1723
1723
1725
1725
1726
1726
1727
1728
1728
1732
1734
1737
1739
1741
1744
1745
1749
1749
1750
1753
1753
1754
1754
1755
1755
1756
1756
1758
1759
1759
1762
1762
1764
1765
1765
1765
1766
1767
1767
1767
1768
1769
1769
1770
1772
1776
1777
1778
1778
1781
1782
1782
1782
1782
1783
1783
1785
1787
1788
1788
1790
1791
1792
1792
1792
1792
1793
1794
1795
1796
1796
1797
1797
1798
1798
1800
1801
1801
1802
1802
1802
1803
1804
1804
1805
1805
1805
1807
1809
1810
1810
1811
1813
1814
1814
1815
1815
1816
1817
1818
1818
1820
1820
1821
1822
1823
1824
1825
1826
1827
1830
1831
1831
1835
1836
1837
1837
1839
1840
1842
1843
1843
1845
1846
1846
1846
1848
1848
1850
1850
1850
1852
1852
1854
1855
1855
1855
1856
1857
1857
1857
1858
1858
1859
1862
1862
1864
1865
1865
1867
1867
1867
1869
1871
1872
1873
1874
1875
1877
1878
1879
1879
1879
1880
1880
1882
1882
1886
1887
1888
1888
1889
1889
1889
1890
1890
1892
1893
1894
1897
1897
1899
1901
1903
1904
1904
1904
1905
1908
1909
1909
1909
1911
1911
1911
1914
1914
1914
1916
1919
1919
1919
1921
1923
1925
1926
1928
1928
1929
1931
1935
1936
1937
1937
1939
1939
1940
1941
1941
1942
1944
1945
1945
1949
1950
1951
1953
1954
1956
1957
1960
1960
1961
1962
1965
1965
1965
1966
1967
1967
1968
1970
1971
1972
1974
1974
1975
1975
1976
1976
1977
1978
1978
1978
1978
1979
1979
1980
1980
1981
1982
1982
1982
1984
1985
1986
1990
1990
1992
1992
1993
1996
1998
1999
2000
2000
2002
2002
2002
2002
2002
2004
2004
2005
2006
2007
2008
2008
2009
2009
2009
2010
2011
2012
2016
2018
2020
2020
2021
2021
2024
2024
2025
2025
2028
2028
2028
2028
2029
2029
2030
2032
2032
2032
2032
2033
2033
2033
2033
2033
2037
2037
2037
2040
2041
2043
2044
2044
2045
2045
2045
2046
2046
2046
2046
2048
2049
2049
2051
2051
2053
2054
2054
2054
2055
2056
2057
2057
2057
2058
2058
2058
2061
2061
2065
2066
2066
2067
2067
2070
2071
2074
2074
2075
2076
2077
2078
2078
2078
2079
2079
2080
2081
2082
2082
2083
2084
2085
2085
2085
2086
2086
2086
2086
2087
2087
2088
2088
2088
2090
2092
2094
2094
2095
2097
2098
2098
2099
2099
2099
2099
2101
2101
2101
2101
2103
2103
2105
2106
2106
2109
2112
2112
2113
2114
2115
2116
2120
2120
2120
2122
2122
2124
2125
2125
2126
2126
2127
2127
2128
2128
2128
2131
2131
2132
2133
2133
2135
2135
2136
2137
2137
2138
2138
2140
2140
2141
2145
2147
2148
2148
2150
2154
2154
2154
2156
2157
2158
2158
2160
2160
2161
2161
2163
2166
2167
2167
2169
2170
2172
2173
2173
2175
2176
2177
2179
2179
2180
2180
2180
2181
2182
2183
2185
2185
2186
2187
2188
2188
2188
2188
2192
2192
2192
2193
2193
2193
2193
2194
2195
2195
2196
2197
2199
2200
2200
2201
2201
2202
2204
2205
2205
2206
2206
2207
2207
2207
2208
2208
2208
2210
2211
2212
2217
2218
2218
2221
2222
2223
2226
2226
2226
2228
2230
2230
2230
2233
2234
2234
2236
2238
2238
2240
2240
2241
2242
2242
2243
2243
2244
2245
2245
2246
2248
2248
2250
2252
2253
2254
2257
2261
2262
2263
2263
2265
2266
2266
2268
2268
2268
2270
2271
2271
2272
2272
2274
2274
2275
2276
2276
2276
2276
2278
2280
2281
2281
2281
2281
2281
2282
2282
2286
2286
2288
2288
2288
2291
2292
2292
2293
2294
2294
2295
2297
2299
2299
2300
2300
2304
2305
2311
2311
2311
2312
2313
2320
2321
2322
2323
2325
2325
2326
2326
2327
2330
2330
2332
2335
2335
2336
2336
2337
2345
2347
2349
2349
2350
2351
2352
2352
2352
2354
2354
2354
2355
2356
2357
2358
2359
2361
2362
2363
2363
2363
2364
2366
2366
2366
2367
2368
2369
2376
2377
2377
2377
2378
2381
2382
2382
2383
2386
2386
2387
2388
2389
2389
2389
2390
2391
2391
2392
2392
2392
2394
2401
2404
2405
2408
2408
2409
2410
2411
2413
2413
2413
2415
2416
2416
2416
2416
2418
2419
2421
2421
2422
2423
2424
2424
2425
2426
2428
2429
2429
2430
2430
2431
2434
2437
2438
2439
2440
2441
2443
2443
2443
2445
2445
2446
2446
2446
2447
2448
2448
2448
2451
2451
2452
2454
2456
2457
2458
2458
2459
2460
2460
2460
2460
2461
2461
2462
2463
2466
2466
2467
2468
2470
2471
2472
2472
2472
2473
2475
2477
2479
2479
2479
2480
2481
2481
2481
2481
2483
2484
2484
2484
2485
2487
2489
2490
2491
2491
2492
2493
2493
2495
2496
2499
2499
2499
2500
2501
2501
2502
2503
2504
2505
2505
2505
2506
2507
2507
2511
2513
2513
2513
2513
2516
2520
2524
2526
2527
2528
2529
2529
2529
2531
2533
2535
2537
2539
2539
2540
2542
2543
2544
2545
2547
2548
2550
2550
2551
2551
2552
2553
2554
2555
2555
2556
2557
2558
2559
2560
2560
2561
2562
2563
2563
2563
2565
2566
2566
2568
2569
2570
2570
2572
2573
2573
2574
2575
2578
2578
2579
2579
2580
2581
2583
2583
2585
2586
2587
2589
2590
2592
2593
2595
2598
2598
2601
2602
2602
2606
2606
2612
2612
2612
2613
2613
2614
2615
2616
2617
2618
2619
2619
2619
2620
2622
2622
2623
2624
2624
2626
2626
2626
2626
2627
2630
2630
2631
2631
2632
2633
2639
2639
2640
2640
2643
2643
2645
2646
2647
2647
2647
2648
2648
2649
2649
2650
2651
2651
2652
2652
2653
2655
2655
2656
2664
2665
2665
2666
2667
2668
2671
2671
2672
2673
2674
2675
2676
2678
2678
2679
2682
2683
2685
2688
2690
2690
2691
2691
2692
2696
2698
2698
2698
2699
2700
2700
2700
2700
2701
2703
2703
2704
2705
2706
2707
2708
2709
2710
2712
2713
2713
2713
2715
2716
2719
2719
2720
2722
2722
2722
2723
2723
2724
2726
2726
2727
2728
2729
2730
2731
2731
2731
2732
2733
2735
2735
2737
2738
2740
2740
2741
2742
2742
2743
2743
2746
2746
2746
2747
2749
2750
2752
2755
2757
2758
2759
2760
2763
2766
2766
2766
2768
2768
2768
2768
2770
2770
2771
2771
2771
2771
2777
2777
2778
2780
2782
2783
2784
2785
2790
2790
2790
2791
2792
2793
2794
2795
2795
2797
2798
2800
2801
2802
2804
2805
2806
2807
2808
2809
2812
2812
2812
2813
2813
2813
2814
2814
2815
2817
2817
2817
2817
2819
2819
2823
2823
2823
2824
2825
2827
2827
2829
2829
2830
2832
2835
2836
2836
2838
2838
2839
2839
2839
2839
2840
2842
2842
2843
2843
2844
2845
2847
2847
2847
2847
2848
2849
2852
2853
2853
2853
2854
2855
2856
2858
2859
2860
2861
2862
2866
2866
2869
2869
2873
2873
2875
2876
2876
2876
2878
2879
2879
2879
2880
2882
2883
2884
2886
2887
2888
2889
2893
2894
2897
2899
2900
2900
2900
2900
2900
2901
2901
2903
2903
2905
2905
2907
2910
2910
2911
2911
2911
2916
2916
2917
2917
2917
2918
2920
2920
2921
2922
2924
2924
2924
2924
2925
2925
2926
2928
2929
2930
2931
2933
2934
2935
2935
2936
2936
2939
2939
2939
2941
2942
2943
2943
2947
2947
2947
2948
2948
2948
2951
2953
2953
2953
2955
2958
2961
2961
2963
2963
2963
2964
2964
2965
2966
2967
2970
2971
2971
2972
2974
2976
2977
2977
2977
2978
2979
2980
2982
2984
2984
2986
2987
2987
2989
2990
2990
2991
2991
2994
2997
2998
2999
3000
3003
3003
3004
3004
3005
3005
3005
3007
3008
3009
3014
3014
3014
3016
3019
3019
3020
3022
3024
3025
3025
3025
3026
3027
3027
3028
3030
3030
3032
3034
3034
3034
3035
3037
3037
3039
3041
3041
3042
3042
3044
3044
3046
3047
3049
3050
3053
3053
3053
3055
3057
3057
3058
3060
3062
3063
3063
3066
3066
3068
3069
3069
3071
3072
3073
3075
3075
3075
3075
3075
3075
3076
3079
3080
3081
3081
3082
3085
3086
3086
3088
3088
3088
3088
3090
3091
3092
3095
3095
3095
3097
3097
3098
3099
3100
3101
3103
3105
3113
3113
3113
3114
3116
3116
3116
3116
3118
3119
3119
3121
3121
3123
3123
3124
3124
3126
3126
3127
3129
3130
3130
3132
3133
3133
3134
3135
3135
3137
3138
3139
3140
3141
3141
3143
3144
3146
3147
3148
3148
3148
3151
3151
3151
3152
3152
3154
3156
3158
3158
3158
3160
3166
3166
3166
3167
3170
3170
3170
3171
3172
3174
3174
3175
3175
3176
3177
3178
3178
3179
3184
3184
3185
3188
3188
3189
3189
3190
3192
3192
3194
3194
3194
3195
3195
3196
3197
3197
3197
3198
3198
3204
3206
3208
3209
3209
3211
3211
3212
3217
3220
3221
3222
3224
3224
3225
3230
3230
3232
3233
3233
3234
3234
3235
3237
3238
3242
3242
3243
3244
3248
3248
3249
3250
3250
3252
3254
3254
3254
3255
3256
3256
3256
3257
3258
3261
3261
3261
3263
3263
3263
3264
3266
3267
3267
3268
3270
3272
3274
3274
3277
3280
3282
3282
3282
3283
3284
3286
3288
3288
3289
3291
3292
3293
3294
3294
3295
3298
3299
3299
3300
3301
3301
3301
3302
3302
3305
3306
3308
3310
3311
3312
3313
3313
3313
3314
3315
3315
3315
3316
3317
3317
3317
3318
3319
3320
3321
3323
3325
3326
3326
3327
3327
3327
3327
3328
3329
3330
3330
3330
3331
3332
3333
3335
3335
3336
3337
3338
3338
3338
3339
3339
3339
3340
3340
3340
3343
3345
3345
3345
3346
3349
3353
3354
3355
3355
3355
3355
3355
3357
3359
3360
3360
3361
3361
3362
3363
3363
3366
3367
3368
3369
3370
3370
3371
3374
3376
3378
3378
3379
3379
3381
3382
3384
3385
3387
3388
3390
3390
3394
3394
3395
3395
3396
3397
3398
3401
3402
3402
3402
3403
3405
3407
3410
3412
3413
3415
3417
3417
3417
3418
3418
3419
3419
3421
3422
3424
3427
3427
3428
3429
3430
3431
3433
3435
3436
3437
3438
3440
3441
3441
3441
3442
3443
3444
3444
3445
3445
3447
3447
3448
3450
3450
3450
3456
3457
3457
3458
3458
3458
3458
3459
3462
3462
3463
3464
3466
3468
3469
3472
3472
3473
3473
3476
3476
3478
3478
3479
3481
3481
3481
3484
3484
3486
3487
3488
3489
3489
3490
3491
3492
3493
3493
3495
3498
3498
3501
3502
3504
3506
3511
3513
3514
3514
3515
3516
3516
3518
3521
3522
3523
3523
3525
3527
3527
3527
3527
3528
3529
3532
3533
3534
3535
3536
3537
3537
3538
3538
3540
3541
3541
3542
3543
3544
3544
3545
3546
3549
3550
3550
3551
3551
3551
3552
3554
3554
3555
3557
3557
3557
3558
3558
3560
3562
3563
3563
3564
3564
3566
3567
3568
3569
3570
3571
3571
3572
3572
3574
3574
3575
3576
3576
3577
3578
3582
3585
3585
3585
3585
3589
3589
3590
3590
3591
3593
3593
3595
3595
3596
3598
3599
3599
3600
3601
3601
3602
3603
3603
3603
3605
3605
3607
3607
3607
3607
3609
3610
3610
3611
3611
3613
3614
3614
3615
3616
3617
3617
3618
3618
3619
3620
3622
3625
3626
3628
3628
3628
3629
3629
3630
3630
3630
3630
3631
3632
3634
3634
3635
3636
3636
3638
3638
3639
3639
3639
3640
3640
3641
3642
3645
3646
3648
3649
3649
3650
3650
3651
3651
3653
3656
3658
3659
3660
3662
3663
3664
3666
3669
3670
3672
3675
3679
3681
3682
3682
3682
3683
3684
3684
3685
3687
3688
3690
3691
3691
3692
3693
3693
3693
3696
3696
3698
3700
3701
3701
3706
3706
3706
3707
3708
3708
3710
3712
3712
3713
3713
3716
3717
3717
3721
3722
3723
3724
3724
3725
3729
3729
3730
3730
3731
3732
3732
3732
3733
3735
3735
3735
3735
3735
3735
3736
3736
3736
3738
3739
3740
3741
3743
3744
3744
3745
3748
3748
3748
3749
3749
3750
3751
3752
3755
3755
3756
3756
3759
3760
3760
3762
3763
3763
3763
3764
3764
3766
3766
3767
3768
3768
3769
3769
3770
3771
3771
3771
3772
3773
3773
3774
3774
3775
3775
3777
3777
3777
3777
3777
3778
3779
3780
3781
3781
3782
3783
3784
3785
3785
3785
3786
3789
3790
3791
3791
3793
3795
3796
3797
3799
3804
3804
3807
3808
3808
3808
3809
3809
3809
3810
3813
3814
3816
3816
3818
3819
3821
3823
3825
3827
3828
3829
3829
3831
3833
3833
3833
3833
3833
3834
3834
3835
3838
3839
3839
3843
3844
3846
3847
3847
3848
3849
3849
3854
3854
3856
3856
3856
3858
3859
3860
3862
3862
3863
3863
3864
3867
3867
3867
3870
3871
3871
3873
3874
3874
3874
3877
3879
3879
3879
3880
3882
3884
3886
3887
3889
3890
3893
3895
3895
3897
3897
3898
3899
3902
3903
3903
3905
3905
3906
3908
3909
3909
3914
3915
3915
3916
3917
3917
3918
3920
3920
3923
3923
3923
3924
3925
3926
3926
3927
3927
3928
3929
3930
3931
3932
3932
3932
3934
3934
3935
3936
3937
3937
3938
3938
3940
3942
3943
3944
3944
3945
3947
3947
3948
3949
3950
3950
3951
3951
3951
3951
3952
3953
3953
3954
3954
3954
3956
3957
3957
3960
3961
3961
3962
3962
3962
3965
3966
3967
3967
3968
3969
3972
3973
3974
3974
3979
3982
3983
3984
3984
3985
3985
3985
3985
3985
3986
3988
3988
3989
3990
3991
3994
3996
4001
4002
4003
4005
4007
4008
4008
4009
4010
4012
4012
4012
4013
4014
4015
4015
4015
4017
4017
4020
4021
4022
4023
4024
4024
4024
4024
4025
4026
4026
4027
4028
4029
4030
4031
4032
4034
4035
4036
4037
4038
4039
4039
4040
4040
4041
4042
4043
4044
4044
4044
4046
4047
4047
4047
4047
4047
4050
4050
4050
4052
4053
4053
4055
4056
4056
4056
4058
4059
4060
4060
4060
4061
4061
4061
4061
4061
4062
4063
4065
4066
4067
4069
4070
4071
4072
4073
4073
4073
4075
4076
4077
4077
4077
4077
4079
4079
4080
4080
4080
4080
4081
4081
4082
4083
4083
4084
4084
4084
4085
4085
4088
4089
4090
4092
4092
4092
4093
4093
4093
4093
4094
4097
4097
4099
4099
4100
4103
4103
4105
4108
4108
4109
4109
4109
4110
4114
4114
4114
4115
4115
4116
4117
4119
4120
4121
4122
4122
4123
4123
4123
4125
4129
4129
4131
4131
4133
4135
4136
4137
4137
4138
4138
4139
4140
4142
4144
4146
4147
4148
4148
4148
4148
4150
4150
4152
4153
4153
4154
4156
4157
4157
4159
4160
4162
4162
4162
4162
4164
4166
4166
4167
4167
4168
4168
4169
4169
4171
4172
4175
4176
4179
4180
4180
4182
4182
4183
4183
4187
4190
4191
4192
4193
4194
4194
4195
4195
4196
4197
4197
4197
4197
4197
4199
4199
4201
4201
4203
4204
4208
4209
4210
4211
4212
4213
4215
4216
4217
4218
4220
4221
4221
4225
4226
4227
4228
4231
4231
4231
4231
4232
4234
4236
4237
4238
4240
4240
4242
4242
4244
4245
4245
4245
4247
4248
4251
4252
4253
4254
4256
4257
4257
4258
4259
4260
4261
4261
4263
4265
4266
4267
4274
4276
4277
4278
4278
4278
4279
4281
4282
4283
4283
4284
4284
4284
4288
4288
4291
4292
4292
4295
4296
4300
4300
4301
4301
4301
4302
4302
4302
4304
4305
4306
4309
4309
4309
4310
4311
4312
4312
4316
4318
4319
4319
4320
4320
4321
4321
4322
4323
4323
4324
4324
4325
4325
4325
4327
4328
4329
4331
4331
4332
4334
4335
4337
4337
4338
4340
4342
4343
4344
4345
4347
4349
4350
4351
4351
4351
4352
4352
4353
4355
4356
4356
4360
4360
4361
4364
4365
4367
4369
4369
4370
4371
4372
4374
4375
4376
4378
4379
4381
4384
4385
4386
4386
4391
4392
4392
4393
4394
4394
4394
4395
4395
4395
4395
4397
4397
4401
4401
4402
4403
4405
4405
4407
4407
4408
4408
4408
4409
4410
4411
4412
4413
4413
4417
4418
4420
4420
4422
4424
4425
4427
4428
4429
4430
4432
4433
4433
4434
4434
4434
4436
4437
4438
4439
4441
4442
4442
4445
4446
4447
4448
4449
4450
4455
4456
4456
4457
4457
4461
4462
4462
4463
4463
4464
4464
4466
4467
4468
4468
4469
4470
4470
4471
4473
4475
4476
4477
4477
4477
4479
4480
4482
4482
4483
4486
4486
4487
4487
4487
4489
4489
4489
4490
4490
4491
4491
4493
4495
4495
4499
4500
4502
4503
4503
4504
4504
4505
4508
4508
4509
4509
4510
4510
4511
4514
4514
4515
4516
4517
4517
4518
4518
4518
4519
4521
4521
4523
4524
4525
4526
4526
4527
4527
4527
4527
4528
4528
4528
4530
4531
4531
4532
4533
4533
4534
4535
4535
4536
4539
4541
4541
4541
4542
4542
4544
4544
4545
4546
4548
4549
4549
4549
4551
4551
4552
4553
4554
4555
4556
4557
4557
4559
4559
4561
4563
4564
4565
4565
4567
4568
4568
4571
4572
4572
4574
4574
4576
4578
4579
4579
4580
4582
4582
4583
4585
4586
4587
4591
4593
4594
4594
4596
4600
4600
4601
4602
4603
4605
4606
4607
4608
4608
4609
4609
4609
4610
4611
4612
4613
4614
4615
4616
4618
4618
4619
4619
4620
4622
4622
4628
4632
4634
4634
4639
4640
4641
4642
4643
4644
4645
4646
4646
4648
4649
4649
4650
4650
4652
4652
4653
4654
4654
4655
4656
4657
4658
4658
4659
4659
4660
4661
4662
4662
4663
4663
4663
4663
4664
4665
4665
4666
4669
4670
4672
4672
4675
4675
4676
4676
4676
4676
4677
4679
4680
4683
4684
4686
4687
4689
4690
4690
4691
4691
4692
4695
4696
4696
4697
4697
4701
4702
4702
4702
4704
4704
4704
4705
4705
4707
4710
4711
4712
4713
4714
4716
4718
4719
4721
4721
4722
4722
4724
4725
4725
4727
4727
4730
4731
4731
4733
4734
4734
4736
4736
4736
4737
4738
4740
4742
4742
4744
4744
4747
4748
4749
4750
4750
4751
4751
4751
4752
4752
4755
4756
4758
4758
4758
4759
4759
4761
4761
4761
4762
4763
4764
4764
4765
4765
4765
4766
4766
4767
4767
4767
4768
4768
4769
4770
4770
4770
4770
4770
4770
4771
4771
4773
4773
4775
4775
4775
4776
4778
4778
4780
4780
4781
4782
4783
4785
4785
4787
4788
4788
4789
4789
4790
4790
4790
4791
4791
4794
4796
4797
4801
4802
4803
4803
4803
4803
4804
4805
4806
4811
4813
4813
4813
4815
4816
4816
4819
4823
4825
4826
4829
4830
4831
4831
4832
4832
4833
4834
4835
4835
4837
4841
4843
4844
4845
4845
4845
4845
4845
4846
4846
4846
4848
4849
4849
4850
4850
4851
4852
4852
4853
4853
4853
4854
4854
4856
4857
4859
4860
4860
4861
4862
4863
4864
4864
4869
4869
4870
4870
4872
4873
4874
4875
4875
4876
4876
4876
4877
4878
4879
4879
4880
4881
4884
4885
4887
4888
4888
4889
4889
4890
4890
4893
4894
4895
4895
4896
4897
4899
4900
4903
4906
4908
4909
4909
4910
4911
4911
4911
4912
4914
4914
4916
4916
4916
4917
4918
4920
4920
4920
4921
4922
4922
4922
4922
4922
4923
4923
4927
4929
4931
4932
4933
4934
4934
4934
4934
4936
4936
4937
4938
4940
4942
4943
4945
4946
4948
4948
4949
4950
4953
4954
4954
4955
4955
4957
4960
4961
4962
4963
4964
4969
4970
4972
4972
4973
4974
4974
4975
4976
4977
4977
4978
4978
4978
4981
4981
4981
4982
4983
4983
4983
4984
4984
4985
4987
4988
4991
4991
4991
4994
4994
4994
4995
4995
4996
4997
4997
4997
4997
4999
4999
4999
4999
5000
5000
5000
5000
5003
5003
5003
5003
5005
5006
5008
5008
5009
5010
5011
5011
5012
5012
5015
5015
5017
5018
5018
5018
5020
5021
5022
5022
5023
5026
5026
5026
5027
5027
5027
5032
5033
5033
5034
5037
5038
5038
5043
5043
5044
5044
5044
5044
5045
5047
5049
5049
5051
5052
5052
5055
5056
5056
5059
5059
5060
5061
5062
5062
5063
5063
5064
5065
5065
5065
5067
5071
5071
5072
5076
5077
5077
5080
5081
5081
5082
5083
5084
5084
5084
5084
5085
5086
5088
5091
5092
5092
5093
5094
5094
5095
5095
5095
5096
5097
5098
5098
5099
5100
5100
5101
5103
5105
5109
5110
5110
5110
5112
5113
5115
5117
5118
5118
5119
5119
5120
5122
5126
5126
5126
5128
5128
5128
5129
5129
5129
5130
5134
5135
5136
5136
5140
5140
5141
5144
5144
5145
5147
5147
5148
5149
5151
5152
5154
5154
5154
5155
5156
5156
5157
5157
5159
5159
5160
5161
5161
5162
5162
5163
5163
5167
5167
5168
5168
5168
5169
5169
5170
5172
5172
5173
5174
5175
5176
5177
5177
5178
5180
5182
5185
5186
5186
5187
5188
5189
5191
5191
5193
5197
5199
5201
5203
5203
5203
5204
5205
5207
5207
5207
5208
5209
5210
5210
5210
5211
5211
5212
5212
5212
5213
5213
5214
5217
5218
5219
5220
5220
5222
5224
5224
5226
5228
5228
5229
5229
5230
5232
5232
5233
5233
5234
5238
5239
5241
5244
5244
5246
5247
5249
5250
5250
5251
5251
5252
5253
5253
5255
5256
5256
5257
5257
5257
5258
5258
5259
5259
5260
5261
5262
5263
5263
5264
5264
5264
5266
5267
5267
5268
5268
5268
5269
5269
5269
5270
5270
5270
5273
5274
5274
5274
5274
5276
5277
5277
5278
5279
5280
5283
5284
5285
5285
5286
5287
5288
5288
5289
5289
5290
5290
5290
5291
5292
5292
5293
5293
5294
5295
5296
5296
5297
5298
5298
5299
5300
5305
5306
5306
5306
5306
5307
5308
5309
5312
5312
5312
5313
5313
5314
5317
5319
5319
5320
5322
5324
5324
5324
5324
5325
5325
5327
5327
5327
5328
5328
5330
5330
5333
5333
5333
5334
5336
5339
5341
5343
5345
5346
5347
5350
5350
5351
5352
5354
5354
5356
5359
5361
5361
5364
5365
5367
5368
5371
5371
5372
5372
5373
5373
5374
5374
5374
5377
5377
5379
5380
5381
5383
5383
5384
5384
5384
5385
5386
5386
5388
5389
5389
5390
5392
5394
5396
5396
5396
5397
5398
5398
5400
5400
5400
5400
5403
5403
5404
5408
5410
5411
5412
5414
5418
5418
5418
5419
5419
5420
5420
5422
5425
5430
5430
5430
5430
5430
5430
5432
5436
5437
5437
5437
5438
5439
5439
5441
5441
5443
5444
5446
5446
5447
5447
5449
5449
5451
5452
5453
5454
5456
5460
5461
5463
5463
5463
5464
5464
5464
5465
5465
5466
5466
5467
5467
5467
5468
5469
5470
5471
5472
5472
5472
5473
5474
5476
5476
5476
5477
5477
5477
5478
5478
5479
5480
5480
5483
5485
5485
5485
5485
5488
5489
5490
5491
5494
5494
5495
5495
5496
5496
5497
5497
5497
5498
5498
5499
5500
5500
5501
5501
5505
5507
5509
5512
5512
5513
5514
5515
5519
5520
5520
5521
5521
5522
5523
5525
5525
5526
5528
5528
5528
5532
5533
5537
5540
5543
5543
5544
5544
5545
5546
5547
5547
5548
5550
5550
5550
5553
5553
5553
5553
5555
5556
5557
5557
5557
5559
5559
5559
5559
5560
5561
5561
5561
5562
5562
5562
5563
5563
5563
5564
5565
5565
5565
5566
5567
5568
5569
5569
5570
5570
5570
5570
5573
5573
5574
5575
5575
5575
5577
5578
5578
5579
5580
5580
5581
5584
5585
5586
5586
5588
5591
5593
5594
5598
5599
5600
5601
5601
5601
5604
5604
5604
5605
5605
5606
5606
5608
5608
5608
5609
5609
5610
5613
5615
5615
5615
5616
5617
5617
5619
5622
5622
5623
5625
5626
5627
5629
5632
5633
5636
5637
5638
5639
5640
5640
5641
5643
5645
5646
5646
5648
5648
5650
5652
5652
5653
5655
5655
5656
5656
5658
5658
5658
5658
5662
5662
5663
5666
5667
5669
5669
5670
5670
5671
5671
5672
5675
5676
5679
5679
5680
5681
5683
5685
5687
5688
5689
5689
5691
5692
5693
5695
5695
5695
5696
5697
5698
5699
5699
5700
5701
5701
5701
5702
5702
5702
5702
5703
5704
5706
5712
5716
5716
5717
5717
5718
5718
5718
5719
5719
5719
5719
5720
5720
5720
5720
5721
5723
5724
5725
5725
5725
5726
5727
5728
5730
5733
5734
5734
5736
5737
5739
5740
5742
5742
5747
5747
5749
5749
5749
5749
5750
5750
5754
5756
5759
5759
5760
5761
5761
5762
5763
5764
5766
5768
5768
5769
5769
5770
5771
5771
5772
5774
5775
5775
5777
5778
5779
5780
5781
5782
5783
5785
5786
5787
5788
5788
5788
5791
5793
5796
5798
5801
5801
5802
5804
5804
5805
5805
5810
5812
5812
5814
5816
5817
5818
5820
5821
5821
5828
5828
5829
5830
5831
5832
5832
5834
5836
5836
5840
5842
5843
5844
5847
5848
5849
5850
5850
5850
5850
5854
5854
5855
5856
5856
5857
5858
5860
5861
5862
5863
5863
5864
5864
5864
5864
5866
5868
5869
5870
5873
5874
5875
5876
5876
5877
5878
5878
5882
5886
5886
5886
5888
5890
5890
5890
5892
5892
5893
5894
5894
5894
5895
5895
5896
5896
5897
5898
5902
5903
5907
5908
5908
5908
5909
5910
5911
5912
5912
5913
5913
5914
5914
5914
5914
5915
5915
5915
5915
5916
5918
5918
5918
5919
5922
5923
5924
5925
5926
5928
5928
5930
5931
5931
5932
5932
5932
5936
5936
5936
5938
5939
5939
5941
5943
5948
5948
5948
5952
5954
5955
5956
5956
5956
5957
5957
5960
5960
5960
5960
5961
5962
5962
5962
5964
5964
5965
5965
5966
5967
5968
5969
5969
5970
5970
5971
5971
5973
5975
5978
5982
5982
5982
5982
5982
5983
5984
5986
5986
5990
5991
5992
5993
5993
5993
5995
5996
5997
5999
5999
6000
6000
6001
6004
6005
6006
6008
6012
6015
6015
6017
6019
6019
6019
6022
6024
6024
6024
6025
6025
6026
6026
6027
6029
6029
6030
6033
6037
6039
6039
6039
6042
6043
6046
6046
6048
6049
6049
6050
6050
6050
6050
6051
6052
6052
6054
6054
6055
6055
6056
6056
6059
6059
6059
6060
6060
6060
6061
6064
6065
6066
6066
6068
6068
6069
6070
6074
6075
6077
6077
6078
6079
6080
6083
6083
6085
6085
6087
6088
6089
6090
6090
6091
6091
6094
6095
6096
6097
6097
6098
6098
6100
6100
6103
6107
6111
6112
6112
6112
6113
6114
6114
6115
6115
6116
6117
6119
6120
6121
6122
6123
6123
6124
6125
6125
6125
6126
6126
6126
6128
6129
6130
6130
6130
6131
6132
6133
6133
6134
6134
6134
6134
6134
6135
6136
6138
6139
6139
6140
6140
6141
6141
6142
6143
6143
6144
6145
6145
6147
6147
6147
6148
6148
6149
6149
6149
6150
6150
6156
6156
6156
6158
6159
6159
6162
6163
6163
6164
6164
6165
6166
6167
6168
6168
6169
6170
6171
6171
6172
6172
6174
6175
6176
6177
6179
6181
6181
6182
6182
6183
6184
6185
6185
6185
6186
6187
6188
6188
6189
6189
6190
6190
6190
6192
6192
6193
6193
6197
6198
6198
6200
6200
6203
6204
6205
6205
6206
6206
6206
6207
6209
6209
6209
6210
6210
6210
6210
6213
6213
6215
6218
6218
6219
6221
6221
6221
6222
6223
6223
6223
6224
6225
6225
6226
6227
6227
6229
6231
6233
6234
6237
6239
6239
6241
6241
6242
6243
6244
6244
6244
6245
6246
6248
6253
6254
6255
6255
6255
6255
6256
6257
6258
6258
6258
6258
6259
6259
6259
6261
6265
6266
6266
6266
6268
6271
6272
6274
6274
6275
6276
6276
6276
6277
6278
6278
6279
6282
6282
6282
6284
6284
6286
6286
6287
6288
6289
6291
6291
6292
6293
6293
6295
6296
6297
6298
6298
6298
6302
6304
6307
6311
6312
6314
6317
6319
6320
6320
6320
6322
6322
6324
6324
6325
6325
6326
6327
6327
6328
6329
6330
6331
6333
6333
6333
6335
6338
6339
6341
6342
6343
6343
6343
6344
6344
6345
6345
6347
6347
6347
6348
6348
6349
6350
6352
6352
6354
6354
6354
6356
6357
6357
6358
6359
6360
6362
6362
6363
6363
6363
6363
6364
6364
6365
6368
6369
6370
6371
6371
6372
6372
6372
6373
6375
6375
6377
6377
6379
6380
6382
6384
6385
6385
6386
6386
6386
6389
6392
6397
6398
6399
6399
6402
6402
6402
6403
6404
6404
6404
6404
6405
6406
6407
6408
6408
6410
6412
6412
6415
6416
6419
6419
6420
6421
6424
6424
6425
6426
6426
6427
6430
6431
6431
6433
6435
6436
6436
6437
6438
6438
6439
6440
6440
6443
6447
6448
6449
6449
6451
6452
6453
6455
6455
6456
6457
6457
6457
6458
6458
6458
6460
6460
6462
6464
6465
6466
6467
6467
6469
6470
6470
6472
6473
6473
6473
6475
6476
6477
6478
6482
6483
6483
6486
6488
6491
6492
6492
6493
6493
6494
6497
6498
6500
6500
6502
6503
6503
6504
6505
6506
6507
6509
6509
6511
6513
6514
6514
6514
6514
6515
6517
6517
6518
6518
6520
6522
6522
6522
6522
6523
6524
6525
6526
6527
6527
6529
6529
6530
6531
6532
6534
6535
6536
6536
6536
6539
6539
6540
6545
6546
6546
6549
6550
6551
6552
6554
6554
6556
6556
6556
6557
6559
6560
6560
6562
6565
6565
6566
6566
6566
6567
6569
6570
6571
6571
6571
6572
6572
6573
6574
6574
6575
6576
6577
6577
6577
6579
6581
6581
6582
6582
6586
6586
6586
6588
6588
6588
6589
6590
6590
6590
6593
6594
6594
6595
6596
6596
6598
6601
6602
6603
6610
6612
6612
6612
6613
6613
6614
6615
6616
6616
6617
6617
6621
6621
6622
6622
6622
6623
6623
6623
6626
6626
6628
6628
6629
6630
6632
6632
6635
6636
6638
6638
6638
6639
6640
6640
6640
6641
6642
6645
6646
6647
6648
6650
6651
6652
6652
6653
6653
6654
6654
6655
6656
6656
6656
6658
6658
6659
6660
6660
6661
6661
6661
6662
6664
6664
6665
6666
6666
6666
6672
6672
6673
6675
6675
6676
6676
6678
6679
6680
6684
6686
6687
6689
6690
6691
6691
6691
6694
6694
6695
6698
6698
6699
6701
6702
6704
6704
6705
6707
6707
6707
6710
6710
6710
6713
6714
6714
6715
6715
6717
6718
6719
6719
6722
6724
6726
6727
6729
6730
6730
6730
6731
6732
6735
6735
6738
6739
6739
6740
6741
6741
6741
6742
6744
6747
6747
6748
6748
6749
6749
6750
6750
6750
6751
6751
6751
6752
6753
6753
6754
6755
6757
6757
6758
6759
6761
6761
6762
6762
6763
6763
6763
6765
6766
6766
6770
6770
6771
6772
6772
6773
6773
6774
6774
6774
6775
6776
6777
6778
6778
6782
6782
6783
6784
6785
6786
6789
6790
6792
6792
6793
6796
6796
6797
6798
6798
6798
6800
6801
6802
6803
6803
6806
6806
6807
6807
6808
6811
6811
6813
6813
6814
6814
6815
6816
6816
6817
6818
6819
6820
6823
6824
6825
6825
6825
6825
6826
6826
6827
6828
6828
6828
6828
6829
6835
6835
6836
6837
6837
6840
6840
6841
6842
6842
6843
6843
6845
6845
6847
6847
6847
6849
6850
6851
6851
6853
6853
6853
6854
6854
6855
6857
6857
6858
6860
6861
6861
6864
6866
6868
6870
6871
6871
6872
6873
6878
6879
6881
6882
6882
6882
6882
6883
6883
6885
6886
6886
6886
6888
6888
6889
6889
6893
6894
6897
6897
6897
6897
6898
6898
6900
6904
6905
6906
6907
6907
6908
6908
6909
6910
6910
6911
6912
6912
6913
6914
6916
6916
6916
6917
6917
6917
6917
6918
6919
6919
6920
6920
6923
6923
6926
6931
6931
6932
6933
6933
6936
6936
6936
6937
6938
6938
6939
6939
6941
6943
6945
6946
6946
6947
6948
6949
6949
6949
6950
6950
6951
6954
6954
6954
6955
6955
6956
6956
6957
6959
6960
6961
6962
6962
6962
6962
6963
6964
6966
6966
6966
6966
6967
6967
6968
6968
6969
6971
6972
6972
6976
6976
6979
6981
6982
6982
6985
6986
6987
6988
6988
6989
6990
6990
6992
6992
6992
6993
6994
6994
6994
6995
6999
7000
7000
7002
7003
7004
7006
7007
7008
7008
7008
7009
7009
7009
7009
7010
7011
7012
7012
7013
7013
7013
7016
7017
7017
7018
7019
7021
7021
7022
7024
7024
7024
7025
7026
7026
7028
7028
7029
7031
7032
7032
7034
7035
7035
7035
7035
7036
7037
7038
7039
7039
7039
7039
7040
7040
7041
7042
7043
7044
7045
7047
7048
7049
7049
7051
7052
7054
7054
7054
7056
7056
7057
7058
7058
7059
7060
7061
7063
7063
7064
7067
7069
7071
7071
7073
7073
7074
7076
7078
7079
7079
7080
7081
7081
7082
7082
7082
7083
7084
7084
7086
7086
7087
7088
7089
7090
7090
7092
7092
7093
7093
7097
7100
7104
7105
7105
7106
7106
7107
7111
7112
7112
7115
7115
7116
7117
7120
7120
7122
7123
7124
7125
7125
7126
7127
7130
7131
7134
7135
7137
7138
7138
7139
7140
7142
7143
7147
7147
7149
7149
7150
7153
7154
7155
7155
7156
7156
7157
7160
7163
7165
7166
7166
7166
7168
7169
7170
7170
7171
7172
7172
7173
7174
7176
7176
7178
7179
7180
7180
7180
7182
7183
7185
7191
7193
7193
7194
7195
7196
7196
7196
7200
7200
7200
7201
7201
7202
7204
7204
7204
7205
7207
7207
7207
7208
7208
7208
7210
7214
7215
7215
7216
7217
7217
7219
7219
7219
7221
7222
7223
7223
7224
7225
7225
7228
7228
7229
7229
7230
7233
7234
7234
7236
7237
7237
7239
7240
7241
7241
7244
7247
7247
7248
7249
7250
7250
7250
7250
7251
7252
7252
7253
7254
7254
7255
7256
7258
7258
7258
7258
7261
7261
7261
7262
7263
7263
7264
7265
7266
7268
7269
7269
7270
7271
7272
7276
7276
7279
7282
7286
7286
7287
7287
7287
7289
7291
7291
7291
7291
7292
7302
7304
7306
7308
7310
7310
7311
7312
7314
7315
7316
7317
7318
7319
7320
7321
7322
7325
7329
7330
7331
7331
7331
7333
7333
7334
7335
7337
7337
7337
7338
7343
7343
7348
7348
7350
7350
7352
7353
7356
7356
7357
7358
7358
7358
7358
7360
7362
7363
7363
7363
7364
7365
7365
7366
7366
7370
7371
7373
7373
7373
7374
7374
7374
7376
7376
7376
7377
7378
7378
7379
7379
7381
7384
7384
7384
7387
7387
7389
7389
7392
7394
7396
7397
7398
7398
7398
7399
7401
7401
7401
7402
7403
7403
7404
7406
7407
7407
7407
7408
7408
7409
7410
7410
7411
7411
7413
7413
7415
7415
7416
7419
7419
7420
7423
7423
7424
7425
7426
7429
7429
7430
7430
7431
7433
7434
7435
7435
7437
7438
7438
7439
7440
7442
7443
7443
7444
7445
7445
7447
7448
7448
7451
7452
7455
7456
7457
7459
7460
7460
7461
7462
7463
7464
7464
7465
7467
7468
7468
7468
7468
7468
7469
7469
7469
7471
7471
7471
7472
7472
7474
7474
7474
7474
7475
7475
7475
7477
7478
7479
7479
7480
7480
7480
7481
7482
7483
7484
7486
7486
7486
7487
7488
7489
7489
7489
7490
7490
7491
7491
7494
7496
7496
7496
7497
7498
7500
7500
7500
7500
7501
7501
7502
7502
7503
7504
7504
7505
7505
7506
7507
7507
7508
7508
7509
7509
7509
7511
7512
7514
7514
7514
7515
7515
7517
7518
7519
7521
7524
7525
7526
7528
7528
7528
7531
7534
7536
7537
7540
7540
7542
7544
7545
7547
7548
7549
7550
7551
7552
7553
7554
7556
7556
7557
7558
7558
7558
7558
7558
7560
7563
7566
7566
7567
7567
7568
7569
7569
7574
7575
7578
7579
7582
7583
7585
7588
7589
7590
7591
7594
7595
7595
7595
7595
7597
7599
7599
7601
7602
7603
7604
7605
7605
7606
7607
7607
7609
7612
7612
7612
7613
7614
7615
7615
7616
7617
7618
7619
7619
7619
7620
7621
7621
7621
7622
7622
7623
7623
7623
7633
7634
7636
7636
7636
7638
7638
7639
7639
7645
7645
7645
7645
7646
7646
7650
7652
7653
7653
7654
7656
7657
7663
7664
7665
7666
7667
7667
7667
7670
7671
7673
7674
7677
7678
7678
7679
7679
7680
7681
7682
7682
7683
7684
7685
7687
7689
7690
7691
7691
7696
7701
7701
7701
7701
7702
7703
7704
7705
7706
7706
7707
7707
7707
7707
7708
7708
7709
7709
7710
7710
7712
7713
7716
7716
7716
7716
7718
7720
7720
7722
7723
7725
7727
7731
7732
7732
7732
7735
7736
7738
7738
7738
7739
7739
7740
7741
7742
7742
7745
7745
7745
7746
7746
7748
7748
7748
7749
7749
7750
7751
7751
7752
7755
7755
7755
7755
7755
7756
7757
7764
7764
7764
7765
7766
7768
7768
7768
7769
7771
7771
7771
7772
7772
7775
7775
7775
7775
7775
7776
7778
7779
7779
7779
7781
7781
7782
7782
7785
7785
7786
7787
7787
7788
7788
7789
7790
7790
7790
7795
7796
7796
7796
7796
7797
7801
7802
7803
7804
7804
7805
7806
7807
7808
7809
7809
7810
7810
7812
7813
7813
7813
7819
7819
7822
7822
7823
7825
7826
7826
7827
7827
7828
7829
7829
7829
7832
7832
7834
7835
7835
7838
7839
7839
7840
7840
7841
7842
7844
7844
7846
7847
7847
7847
7849
7851
7853
7854
7855
7856
7856
7857
7857
7857
7858
7858
7858
7859
7859
7860
7861
7862
7862
7863
7863
7865
7865
7865
7865
7866
7867
7867
7868
7870
7872
7876
7876
7876
7876
7878
7879
7880
7881
7884
7884
7885
7886
7886
7887
7888
7888
7888
7891
7892
7892
7892
7893
7895
7895
7895
7897
7899
7900
7900
7900
7901
7903
7903
7906
7907
7908
7908
7909
7910
7910
7911
7912
7914
7917
7917
7917
7917
7919
7921
7921
7922
7924
7924
7924
7925
7928
7929
7930
7931
7932
7932
7933
7934
7935
7935
7936
7936
7937
7937
7938
7938
7939
7940
7940
7942
7942
7943
7944
7945
7946
7946
7947
7947
7948
7948
7949
7949
7949
7950
7952
7953
7955
7957
7957
7959
7960
7960
7960
7961
7963
7963
7964
7964
7965
7966
7966
7966
7967
7967
7967
7967
7968
7968
7968
7969
7971
7973
7973
7974
7975
7975
7979
7980
7981
7981
7982
7983
7984
7986
7986
7988
7989
7990
7992
7993
7996
7998
7999
8000
8000
8002
8002
8006
8008
8009
8009
8011
8011
8014
8015
8015
8016
8018
8019
8020
8021
8024
8026
8029
8031
8033
8034
8034
8034
8035
8036
8037
8037
8037
8037
8037
8040
8044
8046
8047
8048
8050
8050
8050
8050
8050
8051
8052
8053
8053
8054
8054
8055
8055
8056
8058
8060
8061
8062
8063
8063
8064
8065
8067
8068
8070
8071
8072
8072
8072
8076
8076
8076
8077
8078
8079
8082
8083
8085
8086
8088
8088
8088
8092
8092
8092
8096
8096
8097
8097
8097
8097
8098
8098
8099
8100
8100
8101
8102
8104
8104
8105
8106
8107
8108
8108
8109
8109
8110
8111
8111
8112
8112
8113
8113
8113
8114
8115
8118
8120
8121
8121
8121
8122
8123
8123
8123
8124
8125
8127
8128
8130
8131
8132
8135
8136
8136
8137
8138
8139
8139
8140
8140
8140
8142
8142
8142
8147
8148
8150
8152
8154
8155
8157
8157
8158
8158
8158
8159
8162
8164
8166
8166
8167
8168
8168
8171
8172
8175
8175
8175
8176
8176
8178
8178
8179
8179
8180
8180
8180
8181
8182
8182
8182
8182
8183
8184
8185
8185
8186
8188
8190
8190
8190
8192
8192
8193
8194
8195
8196
8199
8199
8203
8203
8204
8204
8206
8206
8206
8206
8207
8208
8210
8210
8213
8215
8217
8218
8218
8219
8220
8221
8221
8222
8223
8225
8227
8228
8229
8230
8230
8231
8233
8235
8235
8238
8238
8241
8241
8242
8242
8242
8243
8244
8245
8246
8247
8248
8248
8249
8249
8249
8250
8251
8251
8251
8251
8253
8253
8253
8254
8256
8256
8258
8258
8260
8261
8261
8263
8263
8264
8265
8267
8268
8269
8271
8272
8272
8275
8275
8275
8276
8279
8283
8283
8283
8286
8286
8286
8287
8291
8291
8293
8294
8295
8296
8296
8297
8298
8303
8303
8304
8305
8305
8305
8305
8307
8309
8310
8311
8311
8312
8312
8313
8314
8314
8314
8316
8317
8318
8318
8323
8323
8324
8324
8324
8325
8325
8326
8329
8330
8331
8333
8333
8333
8336
8336
8338
8338
8338
8339
8340
8341
8343
8343
8343
8345
8345
8345
8345
8345
8346
8347
8349
8350
8352
8352
8353
8354
8354
8355
8355
8355
8357
8358
8361
8362
8363
8363
8364
8364
8365
8366
8366
8367
8367
8367
8368
8369
8369
8371
8372
8372
8373
8374
8374
8375
8375
8376
8378
8378
8378
8379
8379
8380
8380
8384
8386
8388
8388
8388
8389
8391
8393
8394
8395
8395
8395
8397
8397
8399
8400
8400
8401
8401
8403
8404
8405
8405
8406
8406
8411
8412
8413
8413
8413
8416
8417
8418
8419
8419
8420
8421
8423
8423
8424
8426
8427
8427
8427
8428
8428
8429
8431
8432
8433
8433
8433
8434
8434
8434
8436
8437
8437
8438
8441
8442
8443
8444
8444
8444
8446
8446
8446
8449
8450
8451
8452
8452
8453
8453
8453
8454
8454
8455
8455
8457
8458
8459
8460
8460
8462
8463
8465
8466
8468
8472
8473
8473
8475
8479
8482
8483
8484
8485
8485
8486
8487
8487
8488
8489
8491
8491
8495
8497
8497
8497
8497
8497
8498
8500
8502
8504
8504
8506
8507
8507
8508
8508
8508
8508
8509
8509
8514
8514
8515
8516
8517
8520
8521
8521
8521
8524
8525
8525
8528
8529
8529
8531
8535
8535
8536
8538
8538
8539
8540
8541
8543
8543
8543
8545
8545
8545
8546
8547
8548
8549
8553
8553
8553
8554
8554
8554
8556
8556
8558
8559
8559
8561
8564
8565
8565
8567
8568
8568
8569
8570
8571
8572
8573
8573
8573
8573
8581
8583
8585
8585
8586
8586
8587
8588
8589
8593
8594
8596
8597
8597
8601
8602
8602
8602
8603
8604
8605
8605
8606
8609
8609
8612
8614
8615
8615
8616
8617
8617
8618
8619
8619
8619
8619
8621
8622
8623
8623
8624
8625
8625
8625
8626
8628
8630
8630
8631
8632
8632
8632
8632
8633
8633
8634
8635
8635
8635
8635
8636
8636
8638
8638
8641
8641
8641
8642
8642
8643
8643
8645
8646
8647
8647
8649
8649
8651
8652
8653
8654
8656
8656
8657
8657
8658
8658
8661
8661
8661
8663
8663
8666
8666
8667
8668
8668
8668
8669
8671
8672
8674
8675
8675
8677
8678
8679
8679
8681
8681
8682
8683
8683
8684
8687
8688
8689
8690
8691
8691
8692
8693
8694
8695
8695
8696
8698
8700
8700
8703
8703
8705
8705
8706
8706
8706
8707
8707
8707
8708
8709
8711
8713
8713
8715
8716
8716
8718
8718
8719
8719
8720
8720
8721
8722
8723
8724
8726
8726
8727
8727
8727
8729
8731
8734
8734
8736
8736
8736
8737
8737
8738
8741
8742
8743
8744
8746
8748
8750
8750
8750
8751
8751
8754
8754
8755
8757
8757
8759
8761
8761
8764
8764
8764
8766
8767
8768
8769
8769
8770
8770
8771
8771
8774
8775
8775
8775
8777
8779
8780
8780
8780
8781
8781
8782
8782
8783
8784
8785
8786
8786
8789
8789
8790
8791
8791
8793
8794
8795
8796
8797
8797
8798
8798
8800
8804
8804
8807
8808
8808
8809
8809
8810
8814
8814
8817
8817
8818
8819
8820
8823
8824
8827
8827
8828
8828
8828
8829
8829
8829
8830
8830
8831
8831
8832
8833
8834
8836
8837
8839
8839
8840
8841
8842
8843
8843
8843
8843
8850
8850
8851
8851
8853
8854
8854
8855
8857
8858
8861
8861
8862
8862
8863
8866
8867
8867
8867
8868
8868
8869
8871
8872
8877
8878
8878
8880
8881
8883
8886
8889
8890
8891
8892
8892
8892
8893
8894
8895
8896
8896
8897
8897
8900
8901
8902
8903
8903
8904
8904
8906
8907
8907
8908
8910
8910
8911
8911
8912
8912
8914
8914
8914
8915
8915
8916
8916
8917
8918
8919
8920
8920
8921
8921
8924
8926
8926
8927
8928
8928
8929
8932
8932
8934
8934
8935
8935
8935
8936
8938
8938
8938
8939
8941
8942
8942
8943
8943
8945
8945
8947
8948
8948
8949
8949
8949
8950
8951
8954
8954
8958
8958
8960
8960
8960
8961
8963
8963
8967
8967
8967
8968
8968
8970
8970
8972
8972
8973
8974
8975
8975
8976
8978
8978
8979
8979
8985
8987
8987
8988
8990
8990
8990
8991
8993
8993
8995
8996
8996
8996
8996
8997
8999
8999
9002
9003
9006
9007
9008
9008
9009
9011
9012
9014
9014
9017
9017
9019
9019
9020
9020
9021
9023
9024
9024
9025
9026
9028
9029
9031
9031
9032
9032
9033
9034
9035
9036
9038
9039
9039
9040
9040
9041
9043
9044
9044
9047
9048
9048
9049
9051
9052
9052
9054
9055
9059
9060
9061
9061
9062
9063
9063
9064
9065
9068
9070
9071
9073
9074
9074
9076
9076
9078
9078
9078
9078
9079
9080
9084
9084
9085
9085
9088
9089
9092
9092
9092
9092
9093
9093
9094
9098
9099
9100
9102
9103
9103
9104
9107
9107
9107
9111
9111
9112
9112
9120
9121
9121
9122
9122
9125
9126
9126
9128
9128
9128
9129
9129
9130
9131
9132
9133
9134
9134
9136
9137
9137
9139
9140
9140
9140
9141
9142
9142
9142
9145
9146
9149
9150
9150
9151
9152
9154
9154
9155
9155
9155
9157
9160
9162
9162
9164
9164
9168
9170
9171
9172
9174
9174
9174
9176
9177
9177
9178
9180
9180
9180
9181
9183
9184
9184
9184
9185
9186
9188
9189
9189
9191
9194
9194
9195
9196
9196
9197
9200
9200
9201
9205
9207
9207
9212
9212
9212
9213
9215
9215
9215
9216
9216
9216
9218
9219
9219
9220
9223
9223
9224
9225
9229
9231
9232
9233
9233
9233
9235
9236
9236
9238
9238
9238
9238
9239
9240
9242
9242
9243
9244
9248
9248
9250
9250
9252
9252
9254
9254
9255
9256
9258
9259
9260
9261
9261
9261
9263
9264
9265
9266
9266
9267
9267
9268
9268
9270
9271
9271
9273
9274
9275
9277
9278
9278
9279
9280
9282
9282
9283
9285
9286
9287
9287
9289
9290
9295
9297
9299
9299
9302
9304
9305
9306
9306
9306
9306
9307
9309
9310
9311
9313
9313
9314
9314
9315
9315
9316
9316
9317
9319
9320
9320
9321
9322
9323
9323
9323
9325
9325
9326
9328
9329
9332
9332
9333
9335
9336
9337
9337
9338
9338
9340
9340
9340
9342
9342
9342
9344
9345
9345
9346
9347
9347
9347
9347
9349
9349
9350
9350
9351
9352
9353
9354
9354
9355
9355
9355
9355
9356
9357
9357
9358
9358
9359
9359
9362
9363
9363
9363
9364
9364
9364
9365
9366
9367
9369
9371
9372
9373
9373
9374
9378
9379
9379
9380
9381
9381
9383
9385
9385
9387
9388
9388
9389
9391
9393
9394
9395
9396
9400
9400
9401
9401
9404
9405
9406
9406
9410
9411
9412
9413
9413
9414
9415
9415
9416
9417
9417
9419
9419
9419
9419
9420
9420
9421
9422
9422
9423
9423
9423
9424
9424
9425
9426
9428
9428
9430
9431
9431
9432
9432
9432
9433
9435
9435
9435
9436
9437
9438
9439
9439
9440
9441
9443
9443
9444
9444
9444
9445
9445
9447
9448
9449
9450
9452
9453
9453
9454
9454
9456
9457
9457
9458
9459
9461
9463
9464
9464
9464
9465
9465
9465
9466
9468
9470
9470
9470
9472
9476
9477
9477
9477
9481
9482
9482
9485
9487
9493
9497
9497
9497
9500
9501
9502
9502
9502
9503
9504
9504
9505
9505
9509
9509
9510
9510
9511
9511
9512
9513
9513
9513
9514
9515
9515
9516
9516
9516
9516
9518
9519
9519
9520
9521
9521
9522
9523
9523
9524
9525
9525
9528
9528
9529
9530
9530
9530
9530
9531
9534
9534
9534
9534
9535
9536
9537
9538
9539
9539
9540
9541
9541
9542
9543
9545
9546
9546
9547
9550
9551
9551
9552
9553
9554
9554
9555
9557
9557
9557
9557
9558
9559
9559
9560
9560
9563
9565
9567
9568
9568
9569
9570
9570
9571
9571
9572
9572
9572
9573
9574
9575
9576
9578
9579
9579
9580
9580
9583
9586
9586
9589
9589
9590
9591
9595
9597
9598
9599
9599
9599
9600
9601
9601
9601
9602
9606
9609
9610
9611
9611
9612
9612
9613
9614
9614
9615
9615
9618
9618
9619
9620
9620
9622
9624
9625
9626
9627
9627
9628
9630
9632
9633
9635
9636
9636
9638
9638
9638
9641
9641
9643
9643
9645
9647
9647
9647
9648
9650
9650
9651
9651
9651
9651
9654
9657
9657
9657
9658
9659
9663
9666
9668
9668
9669
9669
9671
9672
9672
9672
9674
9675
9675
9676
9676
9677
9677
9678
9678
9682
9683
9683
9684
9687
9687
9687
9688
9692
9692
9692
9694
9694
9697
9697
9697
9700
9701
9701
9702
9703
9703
9704
9706
9706
9706
9707
9708
9708
9709
9709
9711
9711
9712
9713
9714
9714
9715
9716
9716
9716
9716
9718
9719
9719
9720
9720
9721
9721
9721
9721
9725
9726
9726
9727
9727
9729
9730
9732
9733
9733
9735
9736
9737
9737
9739
9739
9740
9740
9740
9741
9741
9742
9742
9744
9746
9747
9747
9749
9750
9750
9750
9751
9751
9752
9752
9752
9752
9752
9755
9756
9757
9758
9759
9759
9759
9760
9760
9760
9761
9764
9764
9767
9767
9768
9769
9771
9771
9774
9775
9776
9779
9780
9781
9781
9783
9784
9785
9787
9787
9787
9788
9788
9789
9789
9790
9792
9793
9794
9795
9795
9796
9796
9800
9800
9803
9803
9805
9806
9806
9806
9806
9807
9808
9810
9811
9812
9813
9814
9814
9815
9815
9816
9816
9817
9818
9818
9820
9822
9825
9827
9829
9830
9831
9832
9833
9833
9835
9836
9837
9837
9838
9838
9839
9840
9840
9841
9842
9843
9845
9845
9845
9847
9847
9848
9849
9850
9851
9851
9852
9854
9856
9859
9859
9860
9860
9863
9864
9864
9866
9866
9867
9872
9872
9875
9876
9877
9878
9878
9879
9879
9881
9881
9881
9883
9884
9885
9886
9887
9888
9889
9890
9891
9891
9892
9892
9894
9894
9895
9897
9898
9898
9899
9899
9900
9901
9902
9903
9903
9906
9907
9910
9912
9914
9914
9914
9916
9917
9918
9918
9918
9918
9920
9921
9921
9922
9922
9924
9924
9927
9927
9929
9930
9931
9931
9933
9934
9934
9934
9936
9937
9938
9939
9941
9941
9941
9943
9945
9945
9945
9946
9946
9949
9949
9951
9952
9955
9956
9957
9958
9958
9959
9961
9962
9962
9962
9963
9963
9966
9967
9967
9968
9968
9968
9968
9969
9970
9975
9975
9986
9986
9987
9988
9989
9989
9990
9991
9993
9994
9995
9996
9997
9998
9999
