1000
722
479
953
610
578
565
949
586
102
386
126
146
68
932
429
680
323
331
965
760
832
289
158
355
19
100
520
61
440
358
581
908
514
586
631
960
938
2
897
11
621
409
234
302
307
490
739
805
956
315
730
752
229
682
55
591
576
203
116
570
657
491
993
234
525
188
165
439
198
261
825
871
865
884
406
32
848
651
839
186
890
917
537
324
664
315
766
57
228
312
177
943
122
413
988
132
376
369
822
13
58
273
952
524
262
968
422
645
566
467
523
653
339
4
996
864
414
920
711
653
523
687
501
600
159
272
338
717
592
599
710
404
3
652
11
901
23
48
199
432
985
494
780
505
178
388
322
95
299
789
254
984
881
661
531
891
978
136
103
993
719
607
321
160
172
96
926
134
746
97
643
406
182
768
725
418
171
922
588
78
162
526
166
772
722
973
960
930
394
953
78
68
338
631
380
222
962
642
701
155
834
29
328
819
169
197
260
420
626
345
680
736
752
367
916
799
514
436
38
137
921
63
821
226
190
90
634
690
416
222
860
488
372
899
26
642
173
417
787
876
99
782
89
331
672
779
716
68
941
397
91
941
99
270
462
808
133
589
879
520
883
936
726
425
114
501
171
945
991
656
63
948
66
691
971
176
551
872
26
623
807
716
627
346
333
945
158
832
877
395
223
827
815
876
88
227
761
575
969
705
938
821
699
258
867
583
131
942
336
24
242
468
724
6
464
908
59
806
344
24
648
425
231
824
239
310
238
465
333
141
592
401
579
838
501
777
154
68
612
79
584
793
303
671
520
974
944
222
784
71
962
155
172
890
602
898
968
66
28
94
306
948
74
619
350
557
159
621
963
30
386
424
450
629
134
573
319
385
262
525
808
241
782
917
643
82
732
607
365
388
134
377
92
167
29
35
605
383
726
970
234
249
594
693
211
225
947
992
581
826
591
861
57
905
129
875
307
894
922
768
186
639
223
243
151
979
92
239
919
656
94
237
771
266
766
497
487
321
194
374
631
389
621
601
588
569
223
535
142
937
351
756
996
553
908
849
336
107
555
393
446
101
955
472
538
165
12
848
48
137
102
282
735
159
486
534
391
470
323
207
42
808
647
181
359
364
137
464
513
356
143
269
302
680
528
969
747
60
888
184
629
325
493
296
378
555
510
63
630
756
627
493
394
318
95
904
182
382
18
426
239
449
139
657
604
389
955
987
930
174
820
283
256
137
9
796
269
358
687
217
988
407
721
127
322
559
265
368
206
921
82
261
431
294
83
191
52
474
46
546
452
828
390
654
109
816
686
851
466
659
295
176
118
898
962
536
517
768
291
850
514
490
446
100
715
832
283
211
105
154
389
122
875
444
825
164
34
560
234
695
430
959
873
848
776
995
17
636
137
556
25
922
375
45
242
19
320
194
544
395
239
17
830
223
140
586
634
434
328
995
999
206
374
597
689
724
116
61
372
192
937
279
373
236
513
494
298
518
827
41
413
57
91
218
595
925
356
464
563
532
197
175
411
131
572
105
284
80
385
387
885
566
417
494
933
875
819
401
962
490
790
672
182
289
681
459
137
65
621
93
546
429
421
958
527
850
294
120
845
402
649
435
145
340
965
253
388
731
273
217
893
401
303
555
928
953
636
950
988
262
484
298
123
355
795
685
290
303
206
861
792
612
744
343
156
317
9
599
967
690
64
900
112
841
128
687
838
315
793
32
32
840
838
37
680
311
388
296
527
742
50
596
826
123
803
876
945
749
0
496
960
186
675
997
775
221
535
367
876
251
627
853
312
227
669
866
359
144
155
203
601
892
972
306
662
226
990
694
862
840
336
957
245
279
119
343
94
25
295
752
607
870
935
625
330
419
383
355
347
64
245
442
709
507
410
218
880
582
284
185
605
578
940
601
922
751
968
952
336
793
675
469
129
272
992
424
688
996
918
431
673
835
437
689
983
825
55
729
332
531
65
905
835
200
24
472
361
412
161
674
674
186
121
882
584
509
147
918
990
963
608
239
147
199
32
148
299
57
478
826
31
444
338
354
699
628
849
527
504
34
743
410
56
782
348
788
527
960
707
159
218
11
479
297
103
878
689
655
668
887
789
26
171
478
867
64
923
380
969
785
730
903
725
36
630
611
591
278
59
982
909
23
406
31
129
873
929
68
733
5
447
960
943
108
879
85
895
134
997
19
949
451
35
573
343
820
896
172
624
445
935
26
365
937
272
405
913
530
43
695
688
908
184
718
552
532
380
92
779
618
470
725
729
48
856
960
515
262
649
77
