10000
608
5219
1282
2391
6200
4597
1586
4156
3206
4485
8942
2546
5407
4782
138
1452
4740
4464
9417
82
420
4253
1332
6129
2833
4832
6153
415
4096
1514
2304
3289
8778
426
8665
411
2320
9192
1697
955
6283
1263
6164
2994
4865
7717
8252
8808
52
5752
3207
43
2356
1798
9143
8572
8245
4969
2274
4438
3771
4349
1466
8443
49
4287
3783
6109
5386
3333
4480
22
9614
7508
7369
7237
1638
8833
9255
3110
6147
4184
4046
5068
9737
546
1355
6813
9369
9719
2414
7050
1867
5312
4078
5977
2266
9927
3521
2242
8618
8125
8131
6882
3989
6616
2483
7951
3602
5047
3582
7689
5943
644
7571
2665
4741
3157
5845
233
4674
3966
4991
9536
4581
9094
6113
5224
601
4820
7193
1277
9828
7495
1885
7252
3890
9935
4037
8613
1034
7739
1829
2007
6242
1424
6136
9639
4654
9426
3752
7300
596
6882
3722
5242
2683
5125
6103
2378
2290
3036
932
9986
7469
1781
3443
9726
2809
2030
4418
6714
6609
9841
546
1458
3433
3760
5186
9001
9336
1214
5113
339
819
136
8291
9167
4323
9150
5043
84
6728
8514
6086
4198
3224
2220
4616
853
2896
871
3664
3347
1179
6492
2390
5776
7904
6153
1973
4308
8037
2685
2684
6296
1746
5458
4590
6705
5457
1064
6985
5705
7089
7002
2644
9996
9321
575
3249
3341
8873
8304
4898
9347
541
2721
5575
5395
6427
829
8198
9467
4555
2274
8356
4391
8566
1638
815
3396
2183
789
9822
4703
1631
1864
3024
3065
5221
6948
8769
2314
2649
6252
9243
8622
3385
3875
6729
2768
685
7474
4055
4210
6189
3490
6005
4358
4675
8167
3130
8428
7883
282
6758
3641
5719
177
5487
2848
3486
1916
3197
8224
7604
6031
8513
4521
9429
1191
9264
8811
7291
7211
7277
4910
5760
5681
5172
4264
877
5609
8004
7246
4144
4666
2436
7354
1772
1879
8726
3909
7738
382
1192
9570
4510
1517
3719
5143
9541
4577
8126
6312
7593
7852
3453
5650
3655
8226
9285
689
6184
8033
3295
9806
3787
3946
6236
9400
740
8400
1607
9277
8973
1628
6375
9702
7130
6362
4065
7101
1579
3492
7098
4699
5451
7642
1337
8418
2934
106
2955
8612
4615
2161
6960
3343
2142
2910
3747
1253
7857
5151
3160
2060
8426
2843
1405
9646
9454
2363
1763
1998
9997
5733
9894
8120
85
6487
4983
1539
6353
9245
4635
3527
79
5071
3436
8901
9615
6201
941
1959
2760
1608
411
5268
692
750
4207
1504
2604
3635
3680
6638
206
2552
166
4067
9722
409
9913
6409
1853
4526
5640
1500
2660
6589
8709
5332
3314
5232
5581
8416
5644
5391
9302
4507
7858
3050
8897
1390
5144
2886
9758
2434
6835
7217
8831
7072
7615
8882
4229
2471
1852
4882
5606
2408
7450
369
8481
3153
8201
263
8632
8005
9539
6632
6027
757
8469
8787
150
2125
6840
6199
16
2189
3918
723
1364
9298
5080
1624
6589
9553
3589
5516
2299
4639
6804
4254
3122
2352
970
8786
1953
3482
7807
7160
6992
5893
4819
1357
4978
881
2030
5453
218
3252
2629
5538
5946
7151
9865
2990
7239
3979
7033
386
4200
6741
4071
953
4910
9236
5192
1908
2349
1283
7765
2802
3783
3839
4127
7739
1594
6574
7407
1817
6128
9930
8236
8260
8869
4777
4933
7576
9558
9210
7502
4518
6772
2302
743
20
1111
7921
4728
8801
1087
1156
5753
6857
7574
4456
8029
6593
3794
456
1295
3376
3590
4163
8245
6779
5384
6293
9057
8843
6541
2146
1127
700
5825
7182
5208
1909
8403
7468
8284
7391
1532
3664
335
4803
6784
3059
5970
5413
9853
7267
5442
1127
6384
7092
6134
3531
5928
3959
3361
7177
4978
3014
680
4249
1859
921
2094
494
8676
5288
6954
6624
3063
9149
4122
8403
3224
4436
1489
6537
4111
7827
4668
2609
4498
9952
722
9610
3320
7908
1305
3688
1848
922
2374
7681
1647
5091
8620
501
3344
3497
9126
1464
4181
4430
1839
3758
5156
736
9582
3985
8478
8539
7264
9458
9105
5868
9501
1434
3452
3582
7453
7083
7603
4883
9235
5096
648
1231
8967
701
921
7204
2018
5821
6362
7446
4434
6054
3415
3851
9790
5635
9451
5985
5955
5294
5375
9899
9244
6399
6010
8841
7920
8982
1542
4020
4773
2945
915
8435
115
5530
7701
9948
9780
5360
3449
4106
4839
3665
8917
7080
355
4193
4125
4775
5017
8473
7409
7410
6098
5551
7043
8907
6775
8669
8663
2433
384
1457
2532
2401
4756
6257
631
4038
9967
1096
6390
3071
3298
8129
1474
475
5283
8239
1701
3203
4437
583
5467
7988
259
1708
5918
5431
4118
5460
1433
5007
7511
9611
4190
1311
2973
7732
1651
5333
1047
151
4326
8279
4470
4300
6338
8040
1650
5715
9402
6743
6461
6157
33
3909
5540
8266
2348
7057
2945
4032
4672
2465
8270
7252
949
6943
2884
4697
4108
3614
6657
7170
2093
231
8696
5429
4760
6036
8866
5455
2125
5704
1059
6366
760
9690
3512
7918
644
8700
1211
1955
8192
7372
697
9680
3838
9782
7211
6499
5224
6707
3456
2093
5710
6899
8428
6785
2282
1251
1849
6839
3797
2490
4732
286
2242
9830
7139
5692
7560
430
1866
4787
3485
6547
3404
1395
3933
5720
9767
1237
1578
1019
8440
8571
4413
4207
3670
5842
3867
6727
730
1953
8692
2193
9052
1905
8452
3997
1689
5560
3708
5065
6192
531
2635
5498
7564
8544
37
9577
3403
7510
4166
5815
5518
7809
672
9919
4217
1949
4751
8407
4346
7615
2814
913
5366
2939
227
6756
5951
6901
5061
8210
8770
4487
8574
7382
7484
4172
27
4685
1389
983
1200
7566
2228
339
2968
3318
9962
1751
5562
1924
2156
3701
2424
4702
63
4096
6001
3790
40
760
6118
4173
339
5236
5802
4795
9329
8650
7554
5640
3903
4925
5756
1681
3025
2276
1292
3834
3661
5843
448
7620
9124
4856
5317
7180
1531
3093
196
5504
4200
8789
1284
7966
1337
1004
3267
9867
189
8191
9711
5357
790
3805
3998
662
7414
2345
797
9101
9750
2949
8406
7467
8902
2140
4794
8590
2142
5580
8366
7933
6083
95
1683
7785
3334
5413
5949
2604
966
1375
8165
7058
6598
9898
9194
5056
3592
5013
8050
6437
7513
7217
1390
5739
7270
6309
843
2714
172
2011
6485
7386
8206
9019
8294
2626
207
4417
5900
226
7583
8349
7737
2441
6466
5671
7940
3652
3292
2765
156
9284
6649
3979
4685
4315
4825
2790
9547
1570
6744
9173
2395
7930
3756
3516
5937
4029
2743
7222
6452
7456
8845
1566
2910
200
4303
9178
7840
7301
9542
1653
8242
5183
843
5800
1351
7116
6274
2884
7823
8796
8120
4958
2342
8961
7169
823
5466
2958
9332
3927
473
7002
739
2838
9081
6129
2625
7111
9154
2920
1864
6929
982
5195
8323
8874
2448
5540
8982
9363
3674
938
7598
4154
4136
84
4002
7376
7746
7160
7256
8776
32
5445
8325
9352
8093
7353
3996
7216
1422
8416
8040
1956
3548
3770
1237
9719
6060
6807
824
4646
2720
6481
9118
7470
2695
3366
978
8715
4783
7313
2904
1214
6331
9316
5959
7641
2159
9780
4820
7306
1480
6849
8841
5315
8377
2913
2964
7618
2912
2216
8235
9730
5655
9957
6830
8876
8694
9388
5333
5531
3701
7291
1640
5243
4831
5772
8622
5693
3011
742
8028
2938
4564
7872
2031
9553
8512
4083
4245
2895
7950
3867
7222
1226
4672
266
2704
8890
5816
537
2576
4165
7863
4988
3884
117
6049
9680
8876
2071
3900
275
3786
3443
454
2048
6511
1523
7494
2502
6428
1762
2427
1284
1722
3619
18
1380
8361
6171
4771
8097
8005
4188
6138
3734
9911
6751
8707
8132
9528
1420
5070
5695
8832
2857
5411
1638
3148
1789
1695
9197
2461
4288
5340
4617
8717
9633
4558
3479
6701
7763
8730
8473
8538
437
7665
4142
4511
6285
4234
4077
5555
2384
4782
350
9378
6624
93
9541
2922
210
3790
3691
3244
5419
7251
7867
9746
4056
1995
9302
448
6838
1
3204
51
2132
6529
8440
358
1667
8891
2782
803
3670
2048
4723
6422
5900
3273
4833
9053
5880
5976
790
1852
761
5366
5872
2686
3787
7819
4583
9685
6249
827
6231
3266
2796
4638
4280
1248
5029
8184
5659
8411
7251
8439
4420
7998
338
9644
2815
8330
9712
1488
5168
7458
941
5447
1307
7363
6878
5666
1804
9010
526
7310
5893
573
8210
858
2930
5939
5383
4455
6921
719
7691
8088
9683
3167
228
9896
2466
6292
1393
7882
4783
898
6267
3228
3681
3191
2263
885
2635
9897
3691
6509
6066
7735
7866
5660
8697
7121
1982
266
6652
3732
8737
4870
2614
6461
6312
3010
5839
4447
2621
9307
9253
6288
3495
7127
8357
3341
3064
5031
38
4702
3747
5724
7315
9365
6215
3894
7203
8431
6365
1447
3063
1869
7802
8726
5919
6764
2593
7167
1081
3104
5529
7015
2471
5104
7477
5998
2027
3642
4246
285
5410
7639
6506
1439
9195
1865
254
5660
7843
3889
888
3104
4814
9294
5002
1867
7603
3135
339
161
2932
8122
6584
3457
7609
85
4922
8179
1048
5441
4660
9387
9987
902
8932
6666
3391
6617
2307
1795
2140
651
403
7179
5349
5051
3732
1418
9894
2236
6978
1150
5909
449
4719
7198
1631
2420
5737
44
3392
1174
4503
3604
9389
608
7221
6193
9762
5097
5498
7439
1827
2560
1490
2027
2577
3833
2157
998
6812
9989
8067
136
8607
8761
8594
2482
8685
5105
1077
1388
2645
3085
691
6220
6084
6121
6162
1176
9704
3419
4422
7395
8349
4182
9305
7187
6102
2443
7992
2388
3273
9439
3080
7845
7991
3943
788
3135
294
7823
8980
3014
4685
6539
9403
8648
5116
1765
7949
7043
534
6933
8507
2403
4668
9279
1037
1129
8039
8245
9738
5319
2833
4605
8999
9687
5616
5726
2074
8428
7008
4356
217
224
5452
1763
4916
9356
2089
1111
1212
8038
8127
3290
6111
4501
2277
4367
5217
4048
2200
9660
5799
8980
6967
7829
1235
5524
1262
9410
1672
6091
4270
6914
2809
3085
9637
4905
5474
2587
895
7301
5842
6837
5992
2046
6580
9514
7676
2124
6696
2955
4158
2291
4387
1774
5697
409
8704
3647
2022
7448
7585
6224
5155
1246
8518
6256
9532
1985
8152
1786
8289
7697
9107
8228
3540
7206
6830
4184
5941
9864
4776
6160
4268
2510
4273
3738
3394
2142
3666
5019
9740
5698
4810
4256
36
5020
5174
63
4790
7568
9947
7404
9029
5520
7443
5848
4439
9941
6834
2307
2820
8824
645
8274
630
8561
2550
7084
525
5095
3693
7150
9314
9830
7142
6671
9462
1439
9339
3005
5990
2809
5967
230
5149
2165
5879
9459
5926
607
4900
6318
7564
2160
3377
7445
6769
5473
5125
5879
1399
8986
8534
4699
5486
3000
3339
2960
2203
9917
7387
5518
5473
2688
5735
6395
6750
1094
2321
8938
3733
1881
5640
4254
7939
3620
2545
9341
6672
1953
3284
8319
676
4441
8159
4182
4004
6251
7691
1287
2872
5496
8809
4230
9274
9914
3768
8848
2332
6869
6647
4209
3382
1190
7729
6743
4076
3304
9386
2542
776
2981
4740
5433
3993
6105
5710
5410
7623
3842
2250
1321
2817
4516
7930
4761
9029
3418
2854
504
8876
6711
188
9181
9807
8730
8820
3963
986
1263
5519
5148
6604
6274
9132
617
2760
9854
7974
1621
2971
3188
9006
9834
2474
6199
9616
5019
2279
6356
5380
9272
3231
5439
20
3392
7924
8553
4837
2513
5330
894
1988
4683
5888
9722
5038
66
1446
9036
8059
5394
5765
3234
4520
9821
9702
6004
8928
3392
1795
6813
6167
2052
3260
6451
1763
495
7880
8760
71
5067
8009
5705
6797
6511
809
2835
9807
4985
3366
3062
1954
3261
1480
7586
9935
3335
523
7614
3823
7436
2366
3415
9955
5199
5814
8917
7181
2559
3967
8410
8959
9005
2081
7635
1822
1772
9419
2801
1730
8337
8142
1249
3629
698
5320
6887
9093
539
3948
3050
7200
7459
8619
2840
9451
8429
1633
74
4071
8498
1854
3667
2176
540
1919
5106
6459
1254
3960
774
428
6079
4961
9137
1330
5677
9402
1477
1775
3422
3804
5996
4839
1545
6398
4932
612
2483
2625
2790
7171
7390
6776
7703
896
6988
3911
856
9705
5137
8246
7512
4305
2934
6562
6282
7811
8266
5586
6833
3425
3843
4657
6775
9848
882
5308
2413
3202
8469
521
2813
4071
9557
6402
2795
5360
3472
7709
8570
8027
1249
4281
3691
7844
7243
2679
3951
8246
6773
1058
5758
4446
4479
3773
7969
7591
6530
344
7273
6696
6374
3454
7650
3206
8077
3711
6050
2439
8844
5252
6588
853
2970
7124
8625
5162
4817
2306
8758
1006
8178
1329
2416
2347
453
2725
8844
7129
4733
7271
4571
4171
5258
2965
5130
2132
1576
5491
7328
6679
6853
7634
4865
2667
9296
8059
4624
3399
3757
6505
9841
5295
8885
3264
7580
6283
218
2205
8669
6784
840
8972
6440
2478
8022
8928
9001
8022
5692
1795
6330
5749
3823
3386
1854
4609
2664
5059
683
8718
4626
3550
8341
8958
5858
5
9492
2435
5361
4713
4247
6226
1893
9195
6338
6758
7982
4916
7043
9246
5820
882
1747
5732
8877
4607
7336
9851
8932
9791
7222
7556
9701
9078
6773
1245
1037
9699
6766
1095
4943
7757
6336
6194
5945
9977
671
1239
7189
6885
2444
7426
3931
9844
4303
5402
8788
4519
9632
5902
2425
6388
6518
8717
4058
597
9879
1298
4250
1519
542
8107
1720
3037
5818
7700
9097
6457
7139
5317
2912
8775
8759
6916
9519
6942
3491
3048
8199
5556
6205
5148
428
4997
9710
8012
4788
4159
5245
5104
222
5372
5974
7074
7359
733
2282
7804
7495
6320
1264
5795
8690
5902
4361
7466
4475
7860
1025
4997
5291
7131
3905
3147
5439
1686
322
8214
8279
8104
4588
4651
7851
6319
5692
5104
8472
3425
4244
6623
7064
8385
2364
2774
720
4318
7766
8903
1283
4617
8943
1267
3763
9344
1794
814
6887
5708
1654
6143
1288
6259
2920
4615
6294
3627
6227
8379
952
6876
1771
2927
3601
417
8762
2513
2461
7147
2578
3456
7850
4625
7937
8327
8500
5415
8210
585
9657
5130
5279
8714
7243
8214
260
3000
5891
8868
64
6661
6883
2340
7109
9906
8836
8786
7726
2057
3758
5000
1296
9287
1062
4416
9513
9940
6481
1956
1221
9184
7607
8756
7872
5180
9043
8227
9350
4851
615
7023
7013
2227
572
9371
404
7755
2279
8299
6541
4610
2646
7019
6165
8017
5210
7035
157
7807
9743
8907
5217
2600
2023
3711
9277
2921
5333
1904
5088
1674
1716
2031
3912
8680
3640
5446
4381
7374
6316
8333
4650
3839
730
5174
6997
6979
5498
3158
4848
3948
5346
9888
5336
8612
8699
6735
8779
3892
5972
8111
3495
8531
9120
7113
4589
2297
9098
6346
468
1711
7097
8334
1529
9878
6782
3534
3332
9232
9130
1412
3399
174
7261
8694
9935
6935
7257
1831
2605
1106
7333
3942
4286
2241
7789
2368
5446
3258
6503
8617
6572
98
4080
2322
7391
7896
1205
103
4518
3724
2414
5129
3444
7418
4580
3507
4538
5975
2739
5403
4359
231
9499
455
7563
5496
4544
4312
8489
1294
6786
7400
4554
7532
8199
860
2318
8380
1299
7142
3998
3211
858
1001
5437
6740
3276
3465
1933
4487
8495
447
6429
2982
3419
5111
9392
2908
3374
934
5497
2042
4640
7275
3810
1408
9504
4880
8365
2676
4813
413
1649
7729
6226
8761
9574
2079
9817
1326
8347
8091
6752
8232
2692
4948
1592
9450
1762
5793
2265
5038
7883
7938
8820
5638
7384
1441
721
1427
6301
3893
6999
689
1267
419
234
7229
2145
912
5630
1060
9418
3400
4249
5386
8543
8596
8839
6292
2117
4300
295
9458
1217
9689
1635
3820
4064
3397
2989
2200
2628
3074
3124
1221
7736
3491
3318
4216
6532
1243
7887
9776
1292
5104
2736
2936
2098
6252
2011
5704
5501
7328
7051
5160
9089
9588
1072
6019
4893
5999
3047
7668
4068
4368
969
8543
3123
3719
6522
7262
786
9331
7617
8230
5174
7977
872
3718
6498
7437
9785
1564
9117
8033
7032
9316
3519
935
7520
7853
8501
1652
1669
3978
9492
8179
4185
178
3402
3602
8330
8228
2687
6333
6712
8362
651
1014
2884
7833
7842
7006
6932
4867
8426
6179
1668
3561
7405
3765
8534
8272
586
8454
698
3550
6613
6958
9288
2849
6671
168
1098
8845
8688
8509
5095
6720
5168
4603
7690
3892
5174
6689
1249
1408
6728
4314
1842
9531
2593
1283
1847
6366
8832
7099
8762
6709
2477
2630
9868
3010
9430
7694
5950
813
7496
8102
5027
316
6874
1596
7469
1963
2450
267
3204
2569
6155
666
9925
1871
7262
4357
8311
8012
9149
9877
3705
2530
607
3007
4422
9879
2469
8998
6459
7929
1195
5085
7199
7554
5371
589
7649
2179
6203
7567
4720
1280
5798
2344
2195
2984
8936
9550
1193
6607
9091
8090
42
9657
47
9836
7773
3381
6558
4181
4435
6404
7486
3222
1392
7813
6791
3107
6346
8815
4244
3843
553
7578
1374
2550
1695
7146
468
4147
1761
2425
4631
3581
435
7279
7426
5842
691
7297
5191
6176
4379
4387
3924
2404
7977
6235
9476
1104
7916
8148
4657
808
1509
1099
7304
7034
3373
5418
1637
3080
9461
9983
6557
435
2183
792
2795
6101
8508
1085
642
5626
2871
6969
2337
4492
6687
6214
8564
5674
5963
9077
5831
4821
3077
9511
6805
5623
7776
8971
8191
3664
4726
3077
3177
670
7738
1958
254
296
7949
446
3427
8807
4860
3227
8889
2594
6230
8860
6604
4308
1403
3878
1241
6716
1327
7538
764
5697
4318
4290
7575
9408
1802
398
8062
8467
2944
1056
6943
1072
8473
200
7920
1355
172
8620
801
8441
2113
8399
3072
3826
9040
4428
8107
7842
7863
2864
2719
620
9450
3826
4671
1883
1493
8960
6673
6503
237
4583
7635
2320
7125
7790
1227
1387
3405
4016
8588
6854
1668
4548
4499
3752
2846
9499
9857
586
7440
4389
7220
4829
760
9600
8830
8711
1210
4446
3686
4333
1333
7537
5117
46
3557
3574
2009
5593
2273
8316
2254
3708
2692
3535
1627
7115
9753
4821
576
3209
8303
5605
2541
6454
7868
1311
5493
2437
5902
4779
5425
3609
7708
1250
9697
3980
4780
6323
2430
1211
3678
275
7595
176
3876
9732
9050
8989
2149
2336
7035
8227
4359
5731
3934
4029
4650
2803
8169
4588
2500
8861
7590
4399
1383
1324
3556
830
3742
9160
4638
3668
1190
5945
3624
1286
8858
5943
949
3412
2534
3152
2582
635
7245
9621
3133
4245
2726
4929
1359
7902
8081
278
6328
7267
9848
3846
8937
3001
3168
8827
8620
9159
127
5187
4824
754
5703
4300
5664
6147
2288
6984
3205
7798
228
6365
7436
9202
3700
7580
2875
4688
9784
6187
7180
3066
7780
737
6468
3281
390
910
813
2907
4043
149
8047
2967
8129
1223
9998
4062
4487
5308
6397
120
1185
1136
4112
376
3480
1896
895
6885
1022
1296
198
1062
2767
7043
9209
1482
275
3814
3397
5985
7056
8353
2354
7466
4044
2171
6965
3065
3536
8161
3009
7972
936
8562
1805
3707
2646
7866
9345
6019
2279
7705
4826
7485
2413
3712
4125
695
9964
8695
440
9726
9344
2222
5508
3406
9467
6814
4071
2649
6957
2074
5685
9280
6187
1096
6183
2352
5250
3046
6244
8379
7254
4570
9883
5234
51
7835
1043
6317
2644
21
6746
4919
3073
8733
8697
9224
6947
210
9641
8992
6835
7068
158
2541
5137
7972
7185
6090
3665
9502
5916
1988
895
2679
2495
3065
3587
9208
3631
8463
431
8324
2606
8703
4198
932
5206
6748
9479
1836
1566
1028
8822
1946
1359
8754
3900
8346
4160
972
6453
4457
7694
8784
8183
6964
8472
1350
6610
7052
1510
6082
2643
56
4777
730
1042
9575
2029
7934
3388
6977
6668
3304
9851
9720
5100
1345
5728
5840
7192
7644
9459
4680
2125
4004
6690
3109
1642
958
1685
474
2491
7290
8578
3285
1727
7020
6059
2024
5188
9569
7653
3123
9909
3568
2596
1211
1866
3246
8354
5497
781
2478
991
945
6509
5379
8947
3853
2875
4243
9678
8022
6898
5995
4880
6719
388
5913
1652
478
5407
602
8551
1575
8686
8912
8519
3366
3467
1166
3046
2153
1011
1028
5502
7176
5106
4930
5758
3042
3325
6331
211
2869
2959
3672
5522
5641
3659
5237
6353
8378
192
2972
8037
4049
6027
1356
4134
350
6277
4165
6511
2979
9661
3491
6898
4111
5969
2469
2280
5718
8454
9449
5430
1674
7927
3910
8123
5641
8473
5221
1542
6850
3581
6828
8260
4356
8991
4568
1271
7462
1916
9431
2626
6973
7216
3296
4944
5917
3389
6159
325
6910
2616
2145
5036
8954
1085
6696
8560
9601
3666
4507
4871
4986
393
8302
3591
5222
2207
8265
3260
7826
2754
7895
8770
377
2816
8638
2109
4003
8730
5733
6136
2815
6183
3319
4506
5256
2485
755
8948
8022
6650
7325
5047
2852
5449
853
547
7466
9440
98
2411
6503
9341
4218
4820
9052
3105
4449
1739
8391
8765
3707
1814
3371
3241
1135
5507
6249
5587
7643
5804
5181
1653
110
8860
2823
6479
8230
2396
547
4755
4279
4358
7368
8048
5796
2155
5018
6262
6365
6688
8045
5097
5605
2082
7239
5456
7694
3162
4671
6316
115
6300
9688
1350
226
3209
916
4577
2757
3669
8311
3615
4172
8163
5530
2656
7896
1676
4407
340
7830
1966
8744
9202
6294
9297
2759
8417
9527
1861
1441
6963
6848
9847
2652
66
3198
1138
6465
4819
3477
9234
8792
8967
1493
8820
1696
4143
5115
4538
1479
4896
8384
3259
1820
4092
8978
150
366
4016
77
1558
5024
2045
1430
3441
1053
2125
9332
9227
8274
2535
2331
9625
9228
4558
6774
8223
3838
5363
2608
138
6750
3403
9552
537
7597
5244
1375
1558
6402
1777
8134
6275
3619
6300
8649
8688
9791
955
8858
8168
730
707
8427
1867
8773
9609
9268
5703
4457
400
5405
7759
2944
5324
8264
9166
6177
8965
6175
3652
8502
4343
1893
8495
7483
7222
460
9749
9765
7807
2802
3758
8301
298
3864
4814
8184
9756
690
6336
7844
9624
6676
4398
1537
9765
6126
7996
89
2859
2342
8309
8605
5559
8847
350
302
2558
8307
9462
981
7583
2386
8239
9167
3472
4135
7142
2745
3130
3939
6813
3892
8497
4905
7323
7940
7979
7157
7785
6187
5491
3530
1261
9437
3653
4134
3411
6239
3289
1604
7191
4385
8045
1453
5840
3462
7050
1836
4438
7564
7049
253
7316
3788
3950
4609
4568
8223
2866
3953
3640
4810
847
6381
8671
3192
5125
4720
7972
7907
5098
2433
2139
3455
1421
6472
7717
3475
2491
1306
3555
6117
7259
7556
2840
240
8164
6896
5580
7172
958
8807
748
2779
7541
7715
1887
9923
218
4735
3764
9901
9093
9246
3943
5201
8581
517
8258
9292
7063
4822
6864
2103
4149
8314
4045
7013
741
4394
6265
2489
1411
4185
1307
17
921
8897
7730
5555
5322
7465
39
546
3598
2193
2238
6461
5591
234
5516
9220
5059
4180
2018
2664
2330
5764
2151
286
2055
5202
420
2080
1124
4397
3784
8112
7214
7323
348
410
6135
4161
7089
4741
8970
9196
5397
7845
4617
7721
3813
1056
3026
3015
8908
4090
6368
5047
2538
6496
7566
2973
8400
9374
9574
3094
8919
1693
6935
4149
5088
7373
4118
4780
1846
1370
651
3795
7295
8382
28
2696
7650
1667
2344
1684
2947
9715
3529
1078
5914
3886
6140
9662
1217
6199
717
9256
9820
796
3979
4546
9474
6096
5466
9196
9258
4390
7144
4555
545
4172
9671
1338
744
1314
5689
9358
8378
8533
6202
7557
891
5005
4759
1706
8236
8271
6364
7943
9738
3343
8555
7847
4184
8598
9849
1414
4225
3196
5266
3528
8703
6787
7693
3
5289
2383
6378
9499
6966
3301
3223
824
6961
335
4514
8869
293
9194
1225
3303
6647
3084
6637
6696
6787
9029
7893
3999
8367
9377
3983
8990
4812
6759
5361
8328
5418
9345
6190
9837
1179
3832
6404
515
7936
9099
289
4626
3711
4236
3062
6348
6438
3175
548
5960
777
8592
323
7514
6408
6264
1874
5472
9052
203
616
9899
5600
5001
4185
6680
172
4352
3140
1290
2140
5778
8905
1110
2447
9096
9928
4043
91
5219
5236
7004
190
6394
1383
6539
1168
1349
5871
4419
6372
5253
1142
4210
9453
3246
3055
5489
4733
6066
6924
6770
5769
3819
125
181
5720
6564
3459
4919
538
9364
1922
8199
6806
3577
5540
6918
3451
4205
3771
2011
9448
8919
4287
7936
4455
2833
2949
8604
9491
7425
2176
1966
3947
2343
7073
2578
8239
5458
5594
5188
663
7151
3905
7966
2819
3487
5904
3359
2429
6323
9641
4219
8107
9047
6854
8441
3408
1176
6350
8173
1506
5955
8868
9682
358
5452
3978
3203
6855
168
1363
4086
4646
8119
1509
3237
8924
8657
7677
6379
5514
2812
5837
7016
4081
7767
1872
8369
1806
6454
3262
6359
589
4139
4043
5282
3758
9133
8730
1897
8997
7064
7792
8769
6795
4705
8243
6672
4211
2067
6976
4188
3191
5195
4267
2869
3983
1804
2401
7052
7491
7984
1914
751
3305
3213
2315
3794
4824
3455
3847
7531
9165
5975
4421
329
1018
4416
9869
3074
540
2505
1981
2984
6166
6884
5208
6296
7609
9691
1373
4895
7029
313
8821
4216
7753
5612
5958
9846
1638
7781
5765
2043
4626
8665
7112
5587
6024
5832
2681
3616
9676
9623
263
7586
3708
3404
9831
8146
6354
8662
6711
2556
727
4630
6387
3735
9330
8029
337
2643
4701
1396
6182
5213
9176
2242
8044
7425
1031
4590
9403
77
3942
3089
8579
7902
7133
3526
4876
8138
3311
6578
725
2425
5308
3082
4201
3552
5511
3125
8111
4715
9633
671
1744
4807
5028
7814
2660
905
6396
5893
6053
7966
6943
5083
4245
4672
4478
9623
8332
1650
9699
6226
1945
1113
778
1225
5161
9191
541
3606
406
5716
5751
5290
358
2843
8426
7721
9157
6846
155
5250
9965
5879
1451
537
9793
9277
2081
4466
8073
4639
2291
188
2184
1536
7508
4328
9081
9439
4807
8741
4184
9985
3281
5610
8557
893
557
3423
9507
7668
4073
1144
4422
8332
61
718
2987
8359
4652
9004
6233
2004
2450
2547
3333
7906
9406
42
8285
7308
346
9462
3882
7270
5509
1778
3608
7043
1249
7499
6545
6240
1016
2283
4325
1184
3017
1856
1878
1444
2241
3879
8160
9478
4405
2106
2086
3827
9196
4804
9735
1796
4681
1437
7232
7351
9557
4935
9499
1743
3499
3475
7188
4964
6429
432
8476
9719
1509
4273
4279
791
3941
8282
8993
8969
7024
7047
749
6136
9649
377
5645
2137
5385
2142
8301
5929
9399
4636
4026
869
8895
5289
5489
5302
189
3354
193
5543
8258
5750
4162
5060
5661
9830
5775
2017
1046
4604
4223
7252
2467
1293
482
8400
5677
9549
5543
3470
2909
5653
9626
4970
3056
3
7097
6584
5258
9566
888
3426
1574
6339
3291
6159
2859
850
7185
4817
2651
2319
7536
6922
4869
677
2939
3628
4394
349
4224
2620
7629
8423
29
178
5491
7443
3571
672
7673
5087
7507
4397
9525
7277
9909
844
3717
2975
6904
5950
5188
2418
1428
1536
3963
9668
6058
3266
9700
8724
2237
7750
3145
1317
8778
9905
1355
382
8210
497
8863
241
9176
411
6754
5126
2534
9968
9150
5443
5562
2971
3588
6826
1198
7418
7753
1583
7733
1542
4462
7476
161
2944
7719
3172
7074
8202
1277
9768
3497
8096
7278
5625
8634
9857
3058
3539
6336
3422
3129
7121
4554
9821
3296
9083
9011
8042
2163
617
2192
5131
3484
4307
9298
5774
1529
4807
6459
7554
1196
1429
1837
8287
7084
5418
302
7475
6488
4839
7336
7321
796
4926
2892
6744
1884
4873
4999
1589
7533
1639
9965
5670
7123
4915
7602
8693
517
3506
6104
7389
3101
6073
9778
6435
1563
8105
1126
1332
7401
7464
8241
5943
9706
5165
9589
9263
8011
4184
9934
6064
9115
4523
9794
7659
1095
3001
1702
7975
3198
9322
2221
670
2947
8872
8235
5505
4401
889
9944
3401
5145
4041
1281
4011
3334
7619
7304
3319
4706
6539
2235
3806
8113
7692
3474
8861
2795
1817
9650
5690
5368
4210
3039
4858
419
7749
5262
5308
6753
5982
1512
3542
6507
6269
8906
3866
3126
2419
3289
2980
6468
4216
3715
8163
5779
2667
6417
2449
164
9783
569
5697
1430
8527
6832
1892
465
8678
4941
232
3006
6125
5272
606
4227
3146
5265
2038
1037
6145
5245
8905
5286
6770
602
499
9814
6894
1972
827
7877
5767
9633
3488
7134
2116
3638
3361
5728
6846
4109
3625
446
8329
7166
9910
5382
5170
4602
581
8863
722
9062
3163
3051
8012
9780
1938
8412
9337
6862
1070
9859
3149
876
2763
8243
5589
5429
6581
9812
3888
3441
5252
2324
5911
7805
2162
9831
10
6648
6169
639
585
8650
5486
3016
3483
4645
2868
2970
8927
4163
287
3585
6125
5215
8678
1305
7959
8336
8564
9682
3825
143
5403
1059
6042
5577
9701
5835
4966
1904
1128
2899
9002
1421
3301
9408
5780
896
9886
8436
9444
8216
9890
4356
3034
3725
3238
484
685
9563
1841
4302
3173
9337
4788
4849
6535
8951
7972
4790
9259
5543
2229
5166
9962
5729
8613
7976
2137
3706
7667
9615
9005
3424
1546
4063
9226
7884
9117
9192
8332
8106
881
7003
9761
2596
7425
9121
6257
1690
5938
4075
7579
382
9653
4660
6509
5868
4066
915
2703
2935
2054
1469
7869
5935
284
871
8703
3182
4817
9545
8215
4881
1175
6797
7607
1652
7560
199
4780
4694
8213
783
7930
1196
890
7721
54
9009
6927
6502
1066
795
2542
787
4504
2857
5627
3391
3551
6184
6357
9451
3011
3829
936
6121
7676
3581
2284
423
5789
3456
8830
6389
862
787
8585
5313
6137
5109
5649
4868
8046
9194
5964
9142
6195
707
5293
9420
8492
9422
301
1042
4242
7833
8040
1171
2931
7650
6290
7237
2295
6602
6740
5826
1098
1993
487
9840
8458
7947
9068
4834
8815
2359
533
2744
5330
448
4211
7282
1339
676
9805
6866
6843
5746
4170
3262
3858
1880
1516
1844
5614
9243
4697
329
7858
3216
4279
7930
3950
5351
8179
7828
8688
7383
142
766
2935
2708
8004
9972
7760
93
922
3647
7423
7746
9619
5487
8156
8435
1632
9130
871
2804
6354
9151
281
5421
7229
4403
6937
3389
7723
8269
1303
5326
6297
7853
8712
9587
8946
6502
4639
4398
2870
2989
3493
8287
4471
7561
4676
8727
4112
5386
1542
619
3923
1399
1540
3475
1661
3151
5278
3393
9527
2929
6407
4015
1276
3335
8441
290
3682
8621
5868
2587
2343
6944
974
7244
5850
7985
8704
9240
7154
6360
7821
5410
1327
4166
6296
7191
8891
275
9249
120
7421
7573
9091
4112
6074
1810
7757
8756
5320
2157
3211
9656
4352
4044
912
9598
9663
3322
6066
9769
7833
5816
9570
2528
3467
1471
5895
6718
7100
225
9702
165
1198
1757
6880
2275
1463
6897
8840
6061
5383
89
1359
9929
4405
5733
830
6152
2186
3033
5888
7791
5098
9007
4841
614
7194
7863
7734
3033
9554
5278
4370
6797
4049
9020
963
3133
4791
7175
767
7522
4740
6469
6174
305
9114
4207
1501
2654
9665
8722
3932
3486
8599
7471
2981
7898
7585
1
9785
1039
2179
8958
7097
1523
664
3479
9742
4578
5295
3546
9941
6454
8850
8551
6298
8517
2596
2415
3088
9140
3286
1640
2827
889
2229
2525
4266
2399
6868
2898
4692
7747
6066
2662
2510
6667
824
9921
3014
6581
7857
8764
4319
7101
7526
704
8905
1305
9541
7223
5756
3903
5693
15
7345
7814
3625
1837
5869
457
5815
6974
9851
3880
4739
5416
6325
9961
1780
8543
1167
9564
2579
2867
7584
3276
6308
3719
5037
2192
435
2172
5876
6050
6652
9228
9394
6487
4726
1859
8945
6349
7789
6936
7186
7059
3658
4953
4739
3921
578
6836
6765
8169
1032
898
6300
8181
5871
7773
9211
944
6145
4211
6012
3505
2005
4643
9826
1201
880
7123
8411
350
9978
4180
668
7448
828
7454
2155
2648
2595
9637
2099
8241
5492
45
9720
6046
2236
6201
3080
859
1010
5422
8489
4064
3548
679
9012
3848
1259
8098
3838
592
5268
1143
3535
5802
587
4953
8945
4353
2606
8341
6423
23
9451
7319
8919
6955
7711
3868
7942
5862
4493
2515
6510
2964
5975
8204
6126
4703
8507
1314
3982
1479
9533
6341
8654
5055
7565
4943
1194
369
4885
9913
4556
7393
9346
294
8590
6190
2636
6349
4969
7317
7539
7524
3328
1616
2712
9927
834
1100
1589
8056
2304
4136
4170
1361
8716
8761
6517
8709
4937
9882
5837
3300
6117
6017
5675
1085
864
5709
8806
3710
2391
6043
7641
870
5314
3672
3555
2220
4518
6753
9755
5321
4487
7062
3102
5024
9454
3901
567
1725
1571
3858
5545
8475
8839
6604
4396
7040
7329
3083
9921
4147
8627
7710
3076
4814
6856
3329
3901
478
7548
867
3235
5463
6824
581
8670
7477
920
5263
8039
1981
6811
6572
7502
4514
3447
3430
4184
9139
7542
1501
5731
2241
8737
720
5831
4543
6199
1774
2938
4562
6218
598
4224
2456
9302
7034
3758
3476
9086
1346
7689
9415
5286
9037
8896
7724
2615
7138
8435
8170
6674
9125
6718
6236
4116
5590
9254
3436
2418
3987
5326
5883
194
5053
3654
6014
7925
4632
6577
2771
6325
9147
1586
4097
694
1800
19
4221
1372
9046
8545
5785
6010
8569
5191
7111
9970
595
5205
8667
510
2996
9132
8222
4089
1837
4617
5167
1482
8131
4268
2371
5038
3166
4628
7534
9586
7873
1658
7962
3594
3492
294
2388
8929
317
3393
3974
8861
7837
4168
1790
3966
5174
2665
9374
8739
6890
5214
1325
2264
335
6451
8763
1936
4239
4421
2593
3532
7740
9593
1463
8053
9809
9495
5439
683
4371
5185
2190
3802
166
6627
9803
6406
2172
4857
1808
244
5928
759
7278
1236
9473
2313
5517
7342
5298
4136
4672
3032
2734
5318
8327
433
7745
8038
9998
13
7745
4747
6883
3774
3251
2939
2949
9755
6602
8191
8871
5071
9307
3658
5684
9729
2124
99
29
428
5194
9377
8894
2650
4010
339
4814
6914
8983
3929
1573
4554
5578
7090
2824
6075
2712
9874
1103
4304
5301
4240
9064
8330
8358
1690
8901
3956
1764
2149
3776
5149
2972
4389
1262
2343
9076
9284
9569
9947
9288
6051
7432
9847
1746
9243
3346
8406
1240
4718
4335
4250
9984
1743
2087
8104
6094
3963
1955
4159
5822
5986
9929
3863
5740
8614
5718
9074
6624
3887
628
6546
4984
2104
347
4967
1342
7706
5636
9539
7961
4274
152
7948
2655
5537
4023
8492
3975
4337
6852
3753
2812
5295
9901
7868
7934
8138
8921
2048
5267
5894
1402
1593
6411
9516
7154
3519
8865
7522
4114
7957
8589
7778
1150
3642
8534
3434
9708
6828
2101
9808
4619
4163
1509
4496
7248
6705
1350
7347
6347
2564
7872
7085
9480
8006
2069
2100
3266
6658
9359
5864
7490
5442
9849
3779
6901
2617
1850
3006
2347
5946
4523
9197
444
1427
9498
4840
3333
730
9399
5607
4224
6803
1564
1866
9809
5691
3385
9810
3069
1604
5133
1695
1190
3085
9025
6455
3281
3228
8206
5504
440
3467
2575
2074
7498
2957
1761
1404
1040
2315
2006
7673
204
2160
3449
2495
4346
5597
1932
6956
3448
4761
3662
7245
2530
5081
1544
5780
7926
8840
9942
7797
9126
8707
611
3533
1963
2532
8764
6192
6854
7752
9447
1005
3395
159
3645
9600
4327
5136
8338
5269
3192
4103
9318
3796
2203
8604
5459
3597
5015
1104
5239
1440
8841
2134
4236
137
9570
8172
6338
2135
859
5893
9406
7768
8537
6693
5099
9795
2522
3288
7983
4609
7407
9679
5209
2808
2964
8616
1254
2598
650
8905
2915
4358
3926
696
7421
770
9699
9050
4116
5910
514
5606
4862
2652
5202
7765
6120
6810
6362
3561
2166
2052
5938
5287
9916
7838
4770
9714
3141
5683
3906
6421
7456
5067
3953
1917
7388
4076
3570
1761
9544
4352
3424
7391
1548
1999
4530
8100
6870
8921
5625
1911
2413
1442
438
5554
8802
7194
1576
8446
8260
6584
3076
2267
6898
4098
413
1289
395
2684
9299
1046
4785
4283
9160
4627
2588
6724
8413
4309
6939
1525
3707
5350
3766
384
3677
405
2927
2800
6347
7120
198
2505
9474
5853
8235
2433
8015
7360
8815
4964
6330
8923
2147
2280
6559
5336
6354
1135
6215
2812
6747
1538
3333
8217
5942
9456
9277
3315
3607
2627
2447
796
2304
8971
4417
2127
3937
2665
4986
3893
8171
6154
3211
6519
403
3278
8184
1808
1506
3796
6516
9486
24
7076
8795
2790
640
9000
9080
4113
7023
6504
9463
8598
9782
6817
4837
2725
4088
833
5155
2430
6533
785
2858
652
1508
8287
8504
2513
6191
6039
9352
5950
2024
5998
1568
7551
9418
7995
2020
8274
3786
6434
8120
2674
5100
1262
1122
6308
9634
5435
1870
2733
9151
2589
219
2174
8346
9056
9234
9165
654
3469
1463
4881
7854
4453
5160
1561
6902
5101
5907
9002
2204
9479
3397
1476
5142
425
9948
5311
6805
4411
6397
6471
7342
3954
2146
9073
8970
7269
8267
3369
3315
1464
4869
5482
1951
2397
7113
9321
9033
2739
9899
9454
842
3128
6610
8927
1543
3203
9335
3771
7092
263
7223
544
3558
1909
6707
4154
1174
5393
4135
4777
5538
30
1159
9053
2269
1817
1044
1601
295
2383
3534
3153
439
1612
1236
8729
2772
2961
5048
8731
1107
417
4766
8237
6107
9064
2130
2765
6276
56
2168
7873
814
8050
4511
4591
1150
9358
2207
6902
5155
9255
9970
7256
3239
2805
3103
1028
5745
6936
1921
9204
5431
205
2406
832
2768
2977
8835
1580
2152
6256
7013
4869
4525
4312
2322
4483
8886
1391
7678
4284
1075
9165
506
3190
735
1480
3382
2342
3778
9674
3015
3177
1315
5681
2116
829
9595
9523
4618
1086
8436
1387
9664
6281
8929
5108
4565
6718
8679
1857
52
4935
7609
3815
3178
4607
9761
8696
3374
9601
1370
317
9919
5822
6507
9039
9916
2794
4014
226
8460
4516
6270
5518
8157
7616
622
5771
8858
1651
6071
3496
3894
650
2618
9192
6293
3656
9715
2938
74
1226
2494
1204
9115
7640
8931
235
1473
2154
2173
8882
4779
3204
3849
8780
9954
5632
5930
4447
7926
695
1513
3480
1224
4699
8089
5124
1569
4564
6361
1042
15
4085
4898
3027
7744
26
7952
8507
7527
8113
8830
9559
3484
2978
1242
1354
5264
7867
8759
7926
9246
5101
7537
6212
2460
6765
6716
4288
321
8247
8517
3572
1185
998
6026
9550
8003
4553
3029
6433
275
1682
1475
3893
6948
608
755
572
2205
9991
9099
6867
3300
6665
2596
6880
57
7699
3621
3310
1017
5174
7693
8227
7683
9793
5082
2522
2006
1432
1718
5665
9705
6883
1473
8689
9125
6725
1290
9669
1821
6422
1271
2266
1326
3936
437
1234
2049
5523
3305
6036
8253
4661
8836
3107
6105
5481
1989
5081
2463
8043
2360
8033
2652
4486
2268
9422
7828
3362
4595
7435
467
6061
2834
8623
3550
3045
3448
6108
7480
2991
2684
9829
4721
663
3087
714
200
7636
4384
8321
5696
6647
4350
1011
865
7040
8
2032
6566
8797
2672
1135
7476
4816
527
7398
3274
4172
8834
3475
5395
8428
5697
4853
136
3056
5296
3690
4419
7365
1631
5269
5887
5807
6620
9387
5435
9013
296
1563
2237
1738
871
5880
2067
659
5921
1636
2260
1562
4982
1594
5574
9758
1310
9224
456
1765
8957
3063
1279
8415
7558
8969
719
6536
8295
5886
6719
4825
2898
2867
7807
4427
5643
88
4597
4538
4477
4651
3858
2002
6328
6982
7556
8281
5781
2546
8516
3673
1434
2823
6672
7064
344
8929
1075
133
385
816
2256
6464
680
9788
830
647
5281
7139
8813
6393
1591
2593
2023
505
7340
7947
3985
2817
8331
8968
4144
8736
2953
2396
745
7074
2074
8018
6609
9114
4944
4197
307
8862
3806
1947
8848
4511
859
687
8576
9988
8403
8233
6182
1618
9591
1772
4130
6426
4723
8620
161
9823
9424
5466
4159
6962
6256
4078
2652
7948
4439
9616
4091
4983
8170
4595
503
6745
8271
2366
9105
5423
132
3223
3765
7122
2539
9822
9963
2552
6947
7636
7033
6217
2786
5879
2485
2460
8654
1051
2999
5934
8587
694
9757
5967
5422
6887
7305
1881
6817
1284
6341
7757
6751
4416
6935
5708
8223
6165
1343
910
2701
3843
6941
3683
3299
6101
7871
8452
680
348
7688
9077
8703
2794
8829
1801
5488
8765
3817
7394
6179
4279
2720
7908
8072
2166
9568
1748
6132
1540
7539
2114
8150
5629
2033
9008
3960
4664
2499
702
689
9845
9346
1268
4919
994
3310
4347
5138
1657
3770
5656
9963
521
1061
470
7651
4463
4788
2399
2816
7200
7850
3670
8722
5542
5737
2052
2260
758
3762
5294
6766
5018
889
9999
9975
9775
5396
6423
2696
493
8514
2288
7612
8782
2040
7592
8147
5997
2870
1088
5318
3021
5737
2016
6821
5171
2729
6868
6779
5905
8675
3144
7539
7567
3681
5851
1412
1560
8900
5827
4344
8734
308
3805
186
811
8014
9646
6574
1046
3228
6635
3930
1150
7587
5106
7586
7590
7494
8436
7602
9149
2567
4239
836
3609
2446
5691
3985
5199
7042
6481
4660
5521
660
1539
3578
6548
5019
3836
5590
7645
5001
7813
1489
1096
1341
8209
622
149
594
3062
4140
7568
7957
2361
9428
4762
2403
8708
4002
1545
193
8982
4177
3129
9989
2151
8287
3565
7474
9606
6320
9350
7137
2594
8334
351
9754
5793
8829
4819
2594
8864
557
3931
3247
5752
1913
2328
8694
1561
3068
3449
6341
2742
7651
1146
6797
1836
4877
1049
8231
1856
47
6406
1672
5669
6517
6454
9871
2966
627
6996
8523
982
2121
517
3353
4753
7029
5430
5322
7311
3746
3780
8804
3189
7454
2712
1807
7815
9641
9901
4160
1214
6969
3551
3794
7826
2506
4594
6191
180
1859
1996
799
5803
3749
4656
5576
7273
9468
1304
4499
8057
7336
3278
5711
2199
4981
8423
2559
9995
6757
77
4366
100
48
4535
8627
8189
1714
5831
6527
7615
5683
5407
1763
4515
2308
3265
5631
1090
3716
3074
1861
8523
3570
9259
5804
8176
6237
1356
1089
861
2552
7692
3831
4901
9577
7857
4927
1963
8000
6136
4131
5531
5781
5602
8444
3907
4506
3452
819
6705
1135
9801
6677
6186
7829
5918
8831
7603
2730
697
3945
3648
3539
191
3455
5959
264
7329
7258
96
4056
9834
1694
9707
4862
5640
7740
8254
1499
6820
4984
1738
6035
6719
1573
1401
404
3595
6715
1654
7488
148
5291
6040
4684
1401
6329
8940
4304
8459
488
6335
3119
9265
6212
149
8241
7332
7497
9401
7196
1614
7089
1153
1330
2218
3610
8540
9507
8824
9333
619
850
6688
459
3914
2389
6416
6778
9562
1575
9651
189
6076
7912
8848
8298
4875
6356
4700
9749
6982
448
7613
3474
8218
3184
8781
6632
8200
1862
631
9297
696
6918
8705
829
729
1349
5
6694
6051
7695
7342
6990
2731
9159
8076
1540
3331
7897
403
3638
3196
2011
4406
7248
3992
7139
6892
3203
9344
7042
3853
3105
2239
8830
4491
5509
9674
6125
7567
1679
364
7325
8782
3309
4001
3088
9848
7253
9471
1749
2638
4959
2301
6210
6877
4063
9313
7549
7499
2415
1705
7498
2477
8604
5781
3759
9154
7047
9439
8355
2304
8268
9033
9924
521
399
2962
1208
5977
8338
6228
2380
1231
7139
9261
72
1366
2450
6375
6067
271
3505
9062
8819
9052
8804
462
5916
2843
2183
5711
1514
5069
7295
9118
8858
8178
9528
6353
6498
9667
286
6006
5793
6092
5336
8400
2705
2692
9470
7152
8713
2042
1819
5356
1903
9534
9309
4814
91
1033
9337
8988
2118
6665
4700
8255
1201
8269
2653
5794
2562
6234
3182
2681
9881
4856
6417
5915
4850
92
3750
8830
1043
4834
6002
1806
900
1494
2924
3481
3198
4239
4658
698
2140
2809
1192
2640
4542
6734
1696
4442
3917
1745
4501
2209
4393
6406
3009
4162
6781
6593
6543
5142
276
3113
5771
512
4949
5065
1637
883
2842
8035
468
2125
3391
6273
279
1812
9893
7882
7318
6572
7350
4237
7368
4738
1650
7500
9790
5207
984
8376
8284
5532
801
2389
9016
7175
8263
3595
3899
7296
3763
9784
4852
682
6643
5077
4220
2193
8890
7075
5476
8012
3473
8513
6090
3695
7019
6766
3835
8049
5063
8389
4242
2228
4878
9882
7614
2998
4956
3391
3746
7155
8588
1091
8230
4533
5548
6232
5643
7545
7104
9375
6988
4095
2178
690
9728
7070
1751
3822
860
6849
6588
2651
7300
5842
1311
4634
2818
8546
9642
9530
2639
1666
5659
8726
1071
7137
9759
9998
8026
7250
4348
8401
3140
2104
6398
3620
365
8497
4761
2130
5524
4733
9133
3647
1719
6298
2840
9706
1798
8542
4405
5343
1254
5519
4674
2343
7649
2034
3791
9693
1706
5966
2978
6429
2526
9356
5176
3002
7526
8782
7734
9532
3033
6713
3885
8165
9567
7696
5276
3807
1200
7678
6127
4324
9402
4144
6710
7833
7426
4028
9680
3895
785
7586
7654
4839
2864
4014
4228
1546
9999
2503
7266
1842
3038
8168
1505
3985
8943
264
9824
9596
8194
6551
5742
171
7792
1543
1242
1935
7748
8596
8903
3137
7187
7746
395
2963
1468
595
2166
1237
4747
9777
2224
343
8487
1646
6043
198
8523
7317
3496
485
9362
8476
9589
2088
619
1369
7412
4512
4300
3230
919
8302
4787
8866
8039
2822
9752
3742
2323
6242
6878
3920
1670
5039
1240
31
737
2728
3896
9997
4600
3166
4499
9266
1753
4576
3648
6698
4182
8285
8287
8893
7332
9731
4358
9286
6748
3202
855
211
7534
387
9405
5208
1766
4655
4517
4384
9639
4301
1162
1730
787
1467
8120
1532
9452
3287
2178
9518
5685
3547
2303
5173
7138
4388
3039
5618
815
4909
2364
71
6060
7037
9468
6893
2309
7785
8466
981
3823
9735
2324
8585
6766
2160
4135
5470
4004
1857
8150
2441
6277
7631
1058
11
3126
4676
4755
7562
3923
74
157
5293
4927
7203
4478
3667
4822
2563
8915
6545
7903
154
2410
2998
925
1282
8211
3357
6597
209
8079
8367
8073
1099
9963
7842
6659
7208
1382
4993
7406
4397
1101
137
765
7338
4599
3326
3231
6655
8300
8216
2186
9820
1218
6093
3508
643
8719
7820
9633
1948
9186
6963
1031
2485
3037
4894
781
388
4043
6573
2850
9803
3231
9056
6297
6182
7981
1698
3266
7539
2609
7119
9476
1871
5837
7970
2631
1897
7265
4640
1950
645
7299
8971
1729
8672
5038
4788
9945
8299
4214
7920
756
7318
5609
8150
9736
8714
4897
5490
8916
402
7671
313
2242
5751
9569
9289
8329
8343
9548
2972
671
7794
7413
3802
5644
5712
7616
2231
8057
834
2252
6720
2599
8484
9422
6845
8077
2683
9370
980
6793
3617
1456
938
7127
9082
7154
6230
1743
513
3108
1172
4921
1540
8860
4963
8252
6234
3097
5948
1396
9053
1136
9279
7185
3463
7698
1371
1404
6829
5097
4266
8485
6306
5857
3911
1463
2970
5443
5933
7741
7612
7293
3437
9006
5330
8541
8651
3956
5392
1468
5366
3355
5023
5879
6722
9460
2149
3689
4804
2041
739
1445
2905
6235
5371
702
9939
1975
1771
9449
9778
1735
1098
8090
9466
164
846
6876
3942
3977
1656
5117
4650
5012
4189
853
8989
3621
9265
3271
7963
1065
8290
6703
7221
128
3662
7244
1315
2522
9938
311
9032
8176
6705
4497
8592
5775
861
188
5209
9359
5189
9360
362
4001
1274
4541
1172
3272
5167
3184
5940
3311
3534
334
7586
1560
6801
365
9802
4980
6019
4866
101
5950
9540
6917
3154
2433
4754
145
6950
7402
4715
7064
4845
841
6956
9636
8603
337
4292
4359
6548
4335
4762
724
3140
791
71
5670
7117
9289
4690
782
1195
9091
5863
2506
8357
8960
4626
5169
5570
7806
5630
1899
388
45
8885
8541
7926
2915
4834
1906
9678
2093
6555
5573
2015
6192
3140
6108
1151
3806
3234
8014
6031
4404
8766
3620
3948
2335
3265
8077
6144
3998
5650
4732
1830
5043
1721
7997
9625
7300
5007
6533
3175
4350
7988
3206
1111
5945
4045
6305
324
6582
4168
6518
5173
3460
6061
4839
6971
9202
6355
5580
7078
1599
9003
7711
3716
1534
5165
1815
2887
3526
654
8162
1506
3509
843
1098
6432
356
8036
5499
2609
7077
9608
3115
8993
6089
1128
8631
2695
2190
1947
3999
4343
6405
2750
7848
1172
2754
53
9088
5574
7789
5795
1806
5411
1638
4786
742
7694
1221
1359
2764
4697
5151
5429
5553
983
7301
5972
6889
1203
4630
653
9677
6310
6932
8814
3819
8169
8724
7045
2267
3816
3807
2642
6573
6239
4806
5261
1614
5124
5458
3409
4362
1120
361
820
6539
3627
6653
3588
1103
7571
6318
8383
4663
4521
2832
7326
1324
9496
1863
7840
7197
5779
3870
6431
4227
4777
1256
1185
5941
5127
2126
6654
2567
9051
5958
1272
9565
8273
100
2539
6526
7708
379
5331
6964
7746
1388
3797
5183
4596
2127
8171
3833
2345
6015
1487
8180
8550
7008
7922
4464
972
8316
5754
7561
1294
4010
5078
6588
9325
1584
3679
506
6017
9535
9406
1734
231
3661
3124
5656
1586
4865
1433
6212
4671
1830
340
1908
9017
834
6548
5698
4917
193
9849
674
1179
9818
4210
76
7026
7107
708
6567
8599
3360
371
8657
5930
471
1904
1371
7605
5359
8687
4049
3257
2263
436
7928
1702
5715
2042
7007
4551
8304
8767
7176
4841
9209
592
9744
7270
7602
4764
6314
9345
9394
2071
410
3280
734
4878
1884
9345
4463
8353
5349
8347
4886
5650
3490
2706
7782
4937
1197
5974
5471
5921
8526
2681
7019
7571
957
7291
1585
284
6261
8740
6311
8078
6356
8669
4229
5200
4272
8155
8901
2275
1588
1033
5510
4578
4823
8961
9167
132
7485
6726
2464
4178
8759
2689
8453
6783
4982
7446
2132
9225
6829
5555
21
7307
5444
9621
9425
4140
9225
7078
9139
4312
1201
1095
7740
4456
8348
7701
1859
3760
8006
6379
3560
1254
6697
3892
6089
2106
3744
9820
5278
8438
5575
3138
2623
8467
7166
6556
7494
2965
2124
3415
6527
3285
4704
8248
396
2793
5715
6852
8164
5329
1513
4169
3531
2545
4039
1655
8013
8998
4542
5615
164
951
3397
5766
3482
4474
2533
2501
5160
5071
8205
5921
5980
4925
7174
4722
1113
167
9473
5570
2313
7915
6141
7939
7213
4423
8468
1357
8885
8104
2917
3972
7898
2976
9452
9714
4921
2051
8653
4214
1851
5710
7169
7528
895
3717
5191
295
521
3320
3627
290
6771
9169
308
7423
8753
2268
1702
4731
1187
2483
3720
6735
7444
5893
3761
5211
7328
3187
3324
9233
5554
8439
7418
7297
7130
2673
1014
3261
3534
5887
4563
4456
4168
248
8210
5184
4253
9781
1600
1876
8477
1932
4796
7476
7654
7483
8390
5812
7123
2590
9443
828
2290
8220
1501
5999
35
2180
7704
8310
285
1184
5247
2121
1355
5683
4284
9
6915
5860
2870
6876
694
6215
6165
6470
2675
1780
3633
1489
7655
4295
4168
6169
7807
1123
1183
1879
798
9491
6880
5879
9577
9935
9777
6856
6240
9287
3189
1743
7351
5471
6428
5448
4179
4567
7350
9803
1616
70
2756
4551
2142
3459
9647
3214
1949
2687
5602
988
2877
7282
1890
8420
2104
8288
3791
3721
7707
7352
6882
3846
1807
3481
54
6188
102
3169
6435
9142
9825
9556
6341
7385
4015
6229
2955
9997
4431
52
828
2162
5062
3796
1988
8945
7948
9704
2651
3841
1953
6121
7335
2115
4717
6134
5816
2906
1253
1721
2801
9162
3482
4930
599
5868
5771
2227
5041
5339
1402
4518
1551
4814
2972
6526
3543
8386
7370
7257
5483
8259
3669
4671
5399
1000
5543
7387
2566
8808
2644
6914
8884
9292
6750
5860
2573
3651
3352
5918
1444
2780
8002
8938
5121
8659
8820
308
5106
8875
1542
8057
9570
7364
2827
6654
5190
7978
4398
7338
8724
6218
2357
4194
7375
7697
4946
8319
1085
3874
6201
8845
1209
6052
3467
1762
4196
7078
2320
6121
4903
5840
5492
9707
7075
6631
8072
8394
8393
8220
201
8233
6486
4627
9870
58
2038
2283
2027
2645
6442
942
5794
2498
7572
3190
473
6868
6078
1594
9174
2546
6778
8724
9239
9011
7668
5361
8415
6662
4084
2724
2203
3627
3744
8759
8130
8064
5726
303
8810
4636
6839
538
2440
5698
1303
8536
7023
979
3489
9043
5034
9811
4928
8637
2084
6374
504
9845
2484
6454
234
517
1207
404
6
4010
5941
9960
3899
8625
4454
535
9754
6187
5949
5457
5961
9725
7042
8627
6627
2566
4334
8127
588
4749
2255
6902
1427
3175
7020
8576
8848
9602
6066
7608
28
1090
6812
1334
7104
8949
7713
5178
9206
4868
4712
3970
2012
9864
6342
248
8423
9879
1096
2395
3187
7626
3484
9097
6696
7724
1033
3446
8441
1169
2560
5547
1575
4384
8106
765
9906
3695
768
1209
8959
4585
7690
2874
9348
1999
6351
3222
3776
7128
6347
4843
3321
230
7759
8353
989
4135
161
9308
8138
9828
4852
1585
8057
7642
3011
6882
6068
8722
823
2392
6057
5711
2937
7276
438
6868
7680
7810
9300
5567
4683
2146
6545
582
1355
8180
2997
9469
6680
9368
4646
6176
2036
5263
1655
3379
5516
4585
7355
2948
2506
1644
7591
505
4568
3277
7270
7548
2527
5215
8918
8272
5821
1429
2639
6558
1637
5157
5988
4561
9712
5212
8146
7146
3602
3880
501
6080
6440
9989
5066
7623
4397
3159
3343
6412
1659
1745
7
1979
5838
3248
794
6974
5156
9800
7576
2338
785
7144
9742
9591
1103
924
2817
2452
8243
1871
4456
3588
5179
6299
7894
2513
947
1967
580
3067
8310
2875
4718
2245
4498
475
116
9885
5668
3710
2720
2534
5699
3474
1095
6164
6888
3485
872
1411
6043
5114
7650
6755
1561
3119
3331
788
1233
1223
4858
4843
2110
4177
4702
8222
2574
7011
8743
3282
8962
2796
5786
2302
2126
4613
7619
7595
912
1155
9339
5035
4941
4685
5160
8354
4359
1972
2819
7174
4859
4227
9333
7103
934
3828
7243
7978
7160
2045
8825
3952
7521
4357
923
9982
8615
1239
9910
4768
1210
850
6829
5791
2478
3530
1855
2005
4504
9855
3981
2105
7524
9591
5481
2587
851
2059
8555
1469
8642
8011
3277
9179
4341
1503
7846
6409
3746
9947
7012
5736
7594
4445
7522
6165
5331
8134
777
8478
1184
8179
2931
6434
8210
5720
570
5972
599
9656
6847
7594
3329
2307
8471
7592
9186
2748
9024
3109
3187
1077
8689
8999
9428
2185
8783
4064
5069
6742
188
5668
9123
6918
1097
3909
3319
200
7357
1389
5416
1792
4414
4423
7673
9431
1899
123
4109
816
4284
9172
2862
601
9889
3232
6364
1498
5048
675
899
1629
7306
3352
2390
489
7412
2438
8792
8637
2420
8938
4601
1686
5257
3591
1325
5133
285
7494
8296
9248
1583
7707
870
347
7464
3527
5495
6435
880
3284
4839
9823
8953
4208
1148
1683
9592
8536
8361
6378
4964
4160
1135
4175
3495
8941
8146
6392
4433
6752
4890
9024
7900
4751
4704
9584
7323
2193
6184
4409
3003
4181
9423
6800
4299
1375
345
9078
7272
8801
8701
9811
3185
6626
6109
879
7178
2046
2397
828
59
1610
2532
1364
3592
450
864
3178
6540
1473
6724
2607
5966
75
4189
4292
8166
5226
1474
1559
3161
5380
6265
8796
8527
1365
487
6217
6790
9134
7343
3582
6175
1978
9020
8527
8631
825
5178
5583
496
7307
4078
8059
3261
2058
7397
8240
1965
8324
5322
3625
1582
4004
6545
1241
5619
9404
865
9618
2560
6785
5535
7392
6754
6227
4149
9974
7019
40
6465
6930
2139
2180
7338
2910
6539
7014
8429
8966
2355
3234
1317
2386
5036
6023
1241
7055
2799
8444
8912
8446
8331
6332
4191
6504
9126
8170
4659
172
3787
4195
9962
6711
1810
3599
1436
4175
1229
7699
6215
8924
4846
4999
7992
755
1798
7455
3397
3425
7512
2776
3863
3600
4380
6080
4021
9993
2832
9490
4731
1766
6633
6445
2329
514
7431
9905
8344
9632
7542
741
2008
9829
5105
2695
5445
2339
9649
5825
9496
5698
3107
372
586
2189
4775
8596
7747
935
1556
5120
3168
8504
3801
9180
882
9752
3247
4285
2051
8198
1403
2368
3716
1013
4399
7543
3522
2516
8880
5649
472
536
5090
293
7869
41
2863
395
4765
2166
1047
4887
6134
2709
2016
6579
2649
6331
3647
2599
5616
1044
1839
9224
6335
1760
1678
7386
5507
2155
6024
9123
9671
7495
554
6318
2405
5063
2248
4809
6457
586
123
9051
4689
7922
5234
9637
8593
5729
2825
9412
2004
3407
6407
4336
3948
267
6257
3141
4010
235
380
1819
553
6401
832
9956
2869
2204
8600
9153
329
9000
4837
8353
6118
5139
4274
1704
7535
1357
7523
4183
641
9163
8486
1694
7825
1176
7148
8907
5085
4505
3153
749
5124
6811
6246
4266
5233
1020
5056
4121
3874
7442
4906
8764
6408
6108
1045
3646
1719
4627
6671
6485
461
5020
9905
5156
9728
7853
6515
6752
3583
233
5738
7565
2906
1498
5986
2468
1822
378
4950
1123
9144
3806
2348
3585
7467
6576
7166
9532
8429
9959
7763
1505
7723
8421
6380
4087
6733
525
8138
8809
9445
8750
4268
1294
1600
1073
1014
9255
8767
8475
1646
5508
9743
3951
9696
6467
9956
2003
5426
2886
4069
1837
3649
3632
6800
5195
6522
6028
1390
8348
5285
4985
769
445
6955
9862
1930
8995
216
4054
4632
7282
4875
2192
299
6649
7707
1910
8150
6875
8340
9808
5362
9514
8895
5733
5615
7953
4351
7157
9605
7214
2776
7045
521
2138
3098
4919
5932
5015
5115
3478
4605
6773
6898
3643
3887
8832
5215
2095
549
1066
5897
7262
8297
4704
8319
4756
3228
9900
1984
6839
4823
2423
8455
4656
1777
4312
3949
7095
4025
1694
1346
6538
1267
5462
3270
5689
4640
9321
4162
1186
4149
1572
2292
9044
9726
9637
5095
7490
3835
3856
9345
4678
1816
2635
4262
7806
8491
28
7257
3736
1879
317
2483
3638
5645
3433
7212
4734
6418
7446
4870
5969
1755
479
9018
2454
4948
1740
8330
9122
5617
5744
6757
9766
284
2207
7657
2132
9277
7338
7058
9775
7944
9881
1425
4687
4719
9923
216
1038
440
157
1777
2082
8618
861
2478
759
5121
1385
4796
2776
2481
1537
1041
6090
5495
5750
8996
7910
3178
3381
9979
2032
9712
6276
3199
4632
5566
4200
4621
8813
2504
5777
7910
1289
8214
8114
4309
4605
5239
8161
3664
2793
7823
7719
9768
3784
4012
260
9259
9126
9270
1042
8681
9343
773
1044
6403
4470
541
7356
3247
8734
5508
838
6856
4217
1124
1108
4339
154
8299
8310
8220
2633
5775
2501
6446
8290
2944
8397
7378
8106
1910
7285
8031
4240
3881
6668
1328
2380
2752
2114
51
6455
4401
3568
3485
2262
342
4981
9083
8756
4625
6110
5043
1930
9878
7856
217
9150
5223
6757
1565
7510
8045
2289
8546
1527
8354
8608
2266
2222
1627
1535
9724
7994
1842
8563
4168
6965
9571
2009
8289
3469
9132
1131
8409
2771
2887
2172
2698
1982
36
9760
8352
589
4639
8379
677
984
